4343.0
391
0 1 28.0
0 37 41.0
0 49 14.0
0 51 35.0
0 60 31.0
0 63 16.0
1 2 26.0
1 17 33.0
1 43 11.0
1 59 20.0
1 80 30.0
1 92 14.0
1 95 19.0
1 97 1.0
2 3 1.0
2 36 17.0
2 88 18.0
2 96 4.0
3 4 15.0
3 14 26.0
3 17 17.0
3 71 8.0
3 86 42.0
3 91 1.0
3 98 12.0
3 99 14.0
4 5 3.0
4 42 2.0
4 59 6.0
4 61 11.0
4 76 18.0
4 78 26.0
4 86 25.0
5 6 4.0
5 8 29.0
5 51 35.0
5 87 6.0
5 92 41.0
5 93 35.0
5 99 33.0
6 7 15.0
6 30 18.0
6 33 18.0
6 36 13.0
6 39 39.0
6 79 33.0
6 85 16.0
6 94 15.0
7 11 32.0
7 40 32.0
7 41 12.0
7 63 27.0
7 83 38.0
7 90 30.0
7 93 37.0
7 94 22.0
8 9 29.0
8 15 35.0
8 45 26.0
8 53 11.0
8 61 2.0
8 66 25.0
8 93 29.0
8 98 7.0
9 10 6.0
9 16 6.0
9 25 30.0
9 38 32.0
9 55 42.0
9 58 5.0
9 59 10.0
9 66 24.0
9 75 11.0
10 11 40.0
10 26 30.0
10 65 17.0
10 81 24.0
10 85 2.0
10 88 1.0
10 96 31.0
11 12 2.0
11 33 3.0
11 50 2.0
11 88 12.0
12 13 29.0
12 16 20.0
12 17 18.0
12 29 27.0
12 36 34.0
12 68 3.0
12 72 17.0
12 80 22.0
12 85 9.0
13 48 32.0
13 78 11.0
13 79 9.0
13 89 9.0
13 97 42.0
14 15 11.0
14 33 22.0
14 68 17.0
14 97 32.0
15 16 9.0
15 28 18.0
15 55 30.0
15 58 41.0
15 78 12.0
15 88 27.0
16 23 11.0
16 34 34.0
16 35 26.0
16 50 22.0
16 61 28.0
16 66 15.0
16 69 37.0
16 82 12.0
17 18 2.0
17 66 24.0
17 85 36.0
17 94 29.0
18 19 28.0
18 23 24.0
18 31 39.0
18 49 3.0
18 51 19.0
18 57 34.0
19 20 12.0
19 22 22.0
19 38 26.0
19 39 10.0
19 61 8.0
20 21 27.0
20 33 15.0
20 46 18.0
20 64 3.0
20 70 6.0
20 71 5.0
20 75 15.0
20 90 11.0
21 22 21.0
21 42 2.0
21 69 33.0
21 71 6.0
22 23 30.0
22 38 41.0
22 39 15.0
22 42 18.0
22 51 13.0
22 60 30.0
22 70 6.0
22 84 7.0
22 94 2.0
23 24 17.0
23 27 8.0
23 29 28.0
23 30 7.0
23 34 28.0
23 49 12.0
23 53 3.0
23 76 36.0
23 80 1.0
23 96 21.0
23 99 25.0
24 25 6.0
24 31 33.0
24 40 25.0
24 41 21.0
24 51 15.0
25 26 9.0
25 30 10.0
25 38 20.0
25 44 19.0
25 67 21.0
25 75 13.0
25 86 17.0
26 27 35.0
26 45 4.0
26 52 12.0
26 54 21.0
26 58 28.0
26 65 13.0
26 79 20.0
26 81 29.0
26 84 10.0
27 28 10.0
27 66 12.0
27 72 23.0
27 83 11.0
27 89 27.0
27 98 30.0
28 29 5.0
28 41 12.0
28 46 19.0
28 75 40.0
28 76 16.0
28 97 2.0
29 30 18.0
29 76 13.0
29 79 6.0
29 88 6.0
29 99 35.0
30 31 38.0
30 53 33.0
30 59 40.0
30 65 29.0
30 71 9.0
30 92 6.0
30 93 18.0
30 97 3.0
31 32 6.0
31 65 2.0
31 89 17.0
32 33 4.0
32 50 12.0
32 54 17.0
32 65 31.0
32 93 28.0
33 34 6.0
33 58 18.0
33 60 13.0
33 61 39.0
33 71 13.0
34 35 10.0
34 38 28.0
34 47 11.0
34 74 21.0
34 77 19.0
34 90 9.0
34 95 5.0
35 40 33.0
35 41 31.0
35 58 20.0
35 62 35.0
35 64 39.0
35 67 26.0
35 98 21.0
36 41 8.0
36 47 2.0
36 81 16.0
37 38 13.0
37 44 25.0
37 55 11.0
37 66 37.0
37 95 10.0
38 70 15.0
38 86 37.0
38 87 19.0
38 93 11.0
39 54 17.0
39 62 21.0
39 63 25.0
39 97 31.0
40 41 33.0
40 62 23.0
40 79 36.0
40 84 15.0
40 86 40.0
41 42 33.0
41 51 14.0
41 64 9.0
41 85 37.0
41 98 13.0
42 43 20.0
42 77 23.0
43 49 7.0
43 52 11.0
43 73 41.0
43 85 20.0
44 45 23.0
44 55 17.0
44 60 16.0
44 86 16.0
44 89 34.0
45 46 20.0
45 69 27.0
46 85 21.0
47 48 32.0
47 65 26.0
47 66 12.0
47 76 32.0
47 87 23.0
48 49 35.0
48 50 10.0
48 52 18.0
48 83 22.0
48 92 39.0
48 97 15.0
49 50 18.0
49 62 39.0
49 69 11.0
49 79 41.0
49 81 36.0
49 89 2.0
50 91 15.0
50 96 1.0
51 52 35.0
51 53 21.0
51 56 26.0
51 72 12.0
51 86 9.0
51 91 15.0
52 53 4.0
52 56 21.0
52 58 4.0
52 90 14.0
52 92 12.0
53 54 22.0
53 95 7.0
54 55 10.0
54 62 41.0
54 83 39.0
54 84 15.0
55 56 17.0
55 72 7.0
56 57 16.0
56 90 27.0
57 58 41.0
57 69 25.0
57 95 21.0
57 97 20.0
58 59 10.0
58 66 15.0
59 60 5.0
59 70 15.0
59 77 7.0
59 79 11.0
59 80 20.0
59 88 18.0
60 61 3.0
60 79 5.0
60 81 19.0
60 96 14.0
61 93 6.0
62 88 29.0
62 92 31.0
63 64 35.0
63 91 25.0
63 96 34.0
64 65 32.0
64 84 18.0
65 67 18.0
65 99 20.0
66 84 43.0
67 68 34.0
67 74 1.0
67 86 41.0
67 99 37.0
68 69 2.0
68 97 22.0
69 70 31.0
69 72 39.0
69 82 20.0
69 95 26.0
69 97 20.0
70 71 29.0
70 77 15.0
70 88 29.0
71 72 35.0
72 73 22.0
72 82 16.0
73 74 28.0
73 86 37.0
73 87 20.0
74 76 31.0
75 76 23.0
76 77 37.0
77 89 3.0
78 85 30.0
79 80 37.0
79 83 28.0
81 82 19.0
81 86 36.0
82 83 7.0
82 99 39.0
83 94 28.0
84 85 12.0
84 91 12.0
85 86 18.0
86 87 7.0
88 89 15.0
88 90 10.0
89 90 7.0
90 91 16.0
91 92 32.0
92 93 23.0
92 97 3.0
93 94 2.0
94 95 3.0
95 96 21.0
97 98 18.0
98 99 3.0
