17726.0
500
0 465 14.0
0 481 9.0
0 499 2.0
1 84 10.0
1 272 5.0
1 489 11.0
2 15 5.0
2 301 27.0
3 4 25.0
3 317 10.0
4 5 2.0
6 7 21.0
6 273 15.0
7 276 15.0
7 456 25.0
8 9 20.0
8 203 17.0
10 132 10.0
10 197 6.0
10 400 3.0
11 12 10.0
11 381 6.0
12 107 21.0
14 15 8.0
16 91 15.0
16 319 7.0
17 18 22.0
18 19 9.0
18 213 22.0
18 415 21.0
19 217 25.0
20 99 14.0
21 171 1.0
22 23 1.0
22 237 2.0
23 129 20.0
24 127 23.0
24 213 27.0
26 86 24.0
27 28 15.0
27 77 17.0
28 436 13.0
29 56 5.0
30 31 6.0
30 43 17.0
31 283 24.0
33 34 29.0
33 372 14.0
35 376 5.0
36 37 24.0
36 45 22.0
37 38 24.0
38 431 12.0
39 40 17.0
39 253 8.0
41 158 10.0
42 43 2.0
42 211 2.0
42 363 10.0
44 48 20.0
44 445 27.0
45 46 6.0
46 47 11.0
46 63 2.0
46 119 9.0
46 294 11.0
46 397 20.0
47 48 17.0
49 50 20.0
50 342 2.0
51 136 9.0
52 234 13.0
52 403 6.0
52 438 4.0
53 54 22.0
54 55 5.0
54 267 22.0
54 422 21.0
55 341 18.0
56 57 6.0
57 97 17.0
57 350 16.0
58 59 8.0
61 62 29.0
62 63 10.0
62 80 13.0
62 89 14.0
63 280 1.0
63 303 7.0
63 475 5.0
64 65 18.0
65 66 13.0
65 283 27.0
66 67 21.0
67 313 11.0
67 350 4.0
68 123 16.0
68 164 14.0
70 213 18.0
70 379 13.0
70 481 15.0
71 72 25.0
71 337 25.0
73 74 20.0
73 323 22.0
74 75 4.0
75 76 3.0
75 284 5.0
77 78 3.0
78 254 3.0
79 469 17.0
79 487 22.0
80 81 4.0
80 113 11.0
81 82 6.0
81 285 21.0
81 464 9.0
82 83 19.0
82 172 9.0
83 84 14.0
85 172 32.0
86 87 1.0
86 206 15.0
86 467 4.0
87 128 16.0
87 321 8.0
88 150 10.0
88 195 1.0
89 90 3.0
90 311 17.0
90 344 12.0
91 135 29.0
92 95 13.0
93 94 19.0
94 95 18.0
94 301 13.0
95 96 22.0
96 493 13.0
98 224 21.0
99 100 7.0
99 256 18.0
100 101 3.0
101 183 3.0
102 103 16.0
102 451 12.0
103 104 19.0
103 190 15.0
104 430 11.0
105 467 3.0
106 230 12.0
106 386 22.0
107 270 18.0
108 109 2.0
108 275 15.0
109 110 9.0
109 340 21.0
111 166 9.0
113 278 29.0
114 115 26.0
114 382 16.0
115 209 7.0
118 119 9.0
118 215 9.0
118 380 1.0
118 456 3.0
120 121 20.0
121 267 20.0
121 274 26.0
122 200 16.0
122 259 8.0
122 390 2.0
123 124 11.0
123 396 12.0
124 239 19.0
125 177 9.0
126 272 26.0
126 428 2.0
127 128 3.0
127 257 12.0
128 154 1.0
129 130 19.0
131 132 6.0
131 483 26.0
132 133 4.0
133 266 12.0
134 135 25.0
135 136 27.0
136 392 18.0
137 138 8.0
138 493 24.0
139 147 10.0
139 387 6.0
140 141 7.0
140 155 14.0
142 499 13.0
144 145 15.0
144 233 8.0
146 277 17.0
147 148 16.0
148 149 11.0
148 300 15.0
148 477 27.0
149 150 6.0
149 479 9.0
150 151 19.0
151 384 11.0
151 404 7.0
152 153 12.0
152 433 22.0
153 154 23.0
156 157 9.0
156 286 26.0
156 430 16.0
157 169 2.0
158 308 16.0
159 276 27.0
160 453 17.0
161 207 17.0
161 239 8.0
162 163 23.0
162 401 5.0
163 164 5.0
163 489 14.0
165 480 14.0
166 167 13.0
167 421 14.0
168 169 19.0
168 294 13.0
168 357 1.0
169 170 18.0
169 339 18.0
170 171 16.0
170 290 5.0
171 333 22.0
171 394 14.0
172 173 12.0
173 365 9.0
174 175 12.0
174 347 11.0
174 473 11.0
175 213 10.0
176 177 8.0
177 178 10.0
178 237 10.0
179 180 26.0
179 436 24.0
180 181 9.0
180 365 16.0
180 366 19.0
181 182 4.0
181 337 16.0
182 183 6.0
182 264 10.0
183 469 16.0
186 187 16.0
186 274 14.0
187 481 19.0
188 189 11.0
189 190 22.0
192 325 10.0
192 389 12.0
192 436 5.0
193 413 9.0
193 423 18.0
194 325 25.0
195 196 6.0
195 491 6.0
196 197 5.0
196 248 28.0
196 371 18.0
197 328 9.0
197 408 11.0
199 200 19.0
199 349 5.0
199 460 3.0
200 218 11.0
201 309 19.0
202 384 10.0
203 378 28.0
204 205 8.0
206 207 2.0
207 345 6.0
208 209 12.0
209 210 17.0
210 211 10.0
211 212 16.0
211 216 12.0
213 253 20.0
214 215 20.0
214 323 30.0
215 295 15.0
215 409 3.0
217 218 20.0
217 412 8.0
219 220 13.0
219 262 19.0
220 221 9.0
221 228 15.0
221 322 9.0
222 223 12.0
222 348 18.0
223 224 11.0
223 379 6.0
224 262 29.0
224 476 23.0
225 226 22.0
226 227 7.0
227 332 14.0
227 459 7.0
227 496 15.0
228 229 18.0
230 402 13.0
231 364 6.0
231 476 7.0
232 367 10.0
232 478 18.0
233 255 8.0
233 436 2.0
234 235 4.0
234 492 7.0
235 236 7.0
236 237 11.0
238 239 6.0
239 240 15.0
240 241 29.0
241 242 8.0
241 278 26.0
241 356 1.0
243 244 2.0
244 245 18.0
244 427 17.0
246 278 22.0
247 437 7.0
249 250 23.0
249 399 18.0
250 402 18.0
251 252 1.0
252 253 26.0
253 358 23.0
255 256 17.0
257 258 9.0
258 425 11.0
259 260 21.0
263 264 18.0
265 266 20.0
266 493 5.0
268 269 3.0
268 423 25.0
269 270 19.0
271 272 18.0
271 406 17.0
272 365 13.0
273 423 17.0
275 276 5.0
276 420 11.0
277 458 25.0
278 279 4.0
278 317 10.0
279 381 1.0
281 282 6.0
282 322 15.0
284 285 26.0
286 287 7.0
286 307 12.0
286 377 11.0
287 288 1.0
288 465 19.0
290 291 3.0
291 292 28.0
294 295 3.0
297 298 13.0
297 330 4.0
297 360 19.0
298 299 6.0
298 428 1.0
299 300 2.0
300 417 27.0
302 435 5.0
303 304 17.0
304 305 8.0
305 306 29.0
305 340 12.0
307 308 2.0
307 362 16.0
309 310 4.0
310 311 22.0
311 312 15.0
311 495 2.0
314 315 12.0
315 316 5.0
315 483 26.0
316 430 4.0
319 320 15.0
320 321 8.0
322 323 3.0
324 365 21.0
325 326 22.0
326 327 19.0
327 328 5.0
332 333 19.0
333 334 14.0
333 355 1.0
333 429 29.0
334 335 25.0
335 336 22.0
336 337 19.0
337 439 11.0
338 339 10.0
339 340 19.0
341 494 17.0
342 343 13.0
344 345 24.0
347 348 6.0
347 352 1.0
349 350 20.0
350 351 8.0
352 353 9.0
353 366 5.0
355 356 23.0
357 358 18.0
358 385 14.0
359 475 6.0
360 361 3.0
362 389 15.0
363 364 18.0
366 497 21.0
367 368 5.0
368 369 15.0
369 370 7.0
370 384 3.0
371 372 14.0
373 374 3.0
373 403 5.0
373 405 2.0
374 375 21.0
376 377 22.0
377 480 4.0
380 381 7.0
382 383 1.0
383 384 2.0
385 386 7.0
387 388 6.0
388 481 11.0
392 393 7.0
393 394 27.0
395 396 25.0
397 398 11.0
398 399 19.0
404 405 11.0
404 485 2.0
407 408 8.0
409 410 8.0
411 412 15.0
412 413 2.0
413 482 16.0
414 415 10.0
419 420 14.0
421 422 11.0
422 423 2.0
425 426 4.0
428 429 27.0
431 432 11.0
431 473 1.0
432 433 22.0
434 435 24.0
436 437 2.0
438 439 5.0
440 441 9.0
441 442 25.0
442 448 20.0
443 444 14.0
444 445 17.0
448 449 19.0
449 450 3.0
451 452 14.0
452 453 16.0
453 454 18.0
455 483 2.0
458 459 14.0
459 460 18.0
460 461 15.0
463 492 5.0
464 465 17.0
466 467 5.0
468 469 19.0
470 471 18.0
471 472 19.0
472 473 1.0
473 474 14.0
476 477 9.0
481 482 18.0
484 485 11.0
487 488 9.0
488 489 7.0
489 490 2.0
489 498 10.0
493 494 1.0
493 496 20.0
494 495 15.0
497 498 7.0
