36700.0
999
0 36 13.0
0 696 11.0
0 999 25.0
1 2 16.0
2 976 10.0
3 815 13.0
4 5 20.0
5 653 13.0
6 7 8.0
6 686 3.0
7 147 14.0
7 423 4.0
8 828 18.0
10 11 5.0
10 79 12.0
10 406 17.0
11 892 13.0
13 543 8.0
14 15 1.0
14 660 7.0
15 790 5.0
15 931 13.0
16 58 19.0
16 789 26.0
17 18 5.0
17 793 26.0
17 992 25.0
18 19 11.0
20 598 6.0
21 22 23.0
21 740 10.0
22 23 3.0
22 138 2.0
23 24 19.0
25 26 2.0
25 117 3.0
26 895 20.0
27 279 11.0
28 371 20.0
29 30 2.0
29 124 14.0
29 656 6.0
31 32 5.0
31 405 4.0
31 806 23.0
32 313 4.0
33 34 21.0
33 499 10.0
33 937 6.0
34 35 3.0
35 36 1.0
36 500 26.0
37 694 27.0
39 743 13.0
41 42 7.0
42 43 11.0
42 369 4.0
43 44 10.0
43 322 9.0
44 830 17.0
46 47 26.0
46 250 10.0
48 49 25.0
48 530 8.0
50 51 14.0
51 583 3.0
53 54 6.0
53 435 6.0
54 55 10.0
54 229 3.0
54 810 2.0
55 68 5.0
55 310 16.0
57 58 22.0
57 345 9.0
59 221 9.0
59 866 12.0
60 592 10.0
61 365 11.0
62 63 8.0
62 539 1.0
63 355 4.0
64 921 7.0
65 66 1.0
65 785 14.0
65 906 27.0
66 843 3.0
67 296 30.0
68 560 18.0
69 383 3.0
69 390 6.0
69 451 17.0
69 778 16.0
69 984 20.0
70 71 9.0
70 661 23.0
71 744 18.0
72 73 23.0
72 236 1.0
73 411 18.0
74 78 2.0
75 76 5.0
75 265 21.0
76 704 26.0
77 596 5.0
79 80 14.0
80 81 12.0
82 83 9.0
82 534 26.0
83 888 11.0
84 85 3.0
84 543 12.0
84 604 19.0
86 87 7.0
86 509 17.0
86 856 20.0
87 88 7.0
87 525 1.0
88 376 2.0
88 974 21.0
89 150 23.0
89 846 26.0
91 92 6.0
91 116 8.0
91 468 6.0
92 240 27.0
92 388 26.0
93 94 3.0
94 95 20.0
94 670 17.0
95 325 23.0
97 98 13.0
97 100 31.0
97 299 12.0
98 99 5.0
99 100 14.0
99 637 18.0
99 650 32.0
99 884 15.0
101 102 1.0
105 106 4.0
105 792 8.0
106 107 1.0
106 966 27.0
107 108 16.0
107 739 4.0
108 109 8.0
111 928 14.0
112 639 16.0
113 114 11.0
113 666 4.0
113 669 20.0
114 115 22.0
115 116 6.0
116 205 17.0
116 868 8.0
117 118 7.0
117 551 8.0
118 254 12.0
119 120 18.0
119 889 16.0
119 909 5.0
120 121 7.0
120 343 20.0
120 539 7.0
120 902 12.0
121 122 23.0
122 123 15.0
123 124 15.0
125 965 24.0
126 127 29.0
126 353 5.0
127 673 26.0
128 129 23.0
128 370 17.0
128 661 23.0
129 621 27.0
130 131 9.0
130 559 19.0
131 132 26.0
132 133 24.0
133 134 28.0
134 174 17.0
134 329 30.0
134 333 4.0
135 136 22.0
136 137 17.0
137 482 21.0
137 535 9.0
139 518 16.0
139 539 12.0
140 752 14.0
141 142 9.0
141 531 2.0
142 143 25.0
142 439 13.0
144 905 17.0
145 597 3.0
146 147 10.0
146 487 14.0
147 829 8.0
148 149 17.0
148 206 14.0
149 437 20.0
150 151 22.0
150 504 4.0
151 152 6.0
151 320 27.0
151 412 5.0
151 871 31.0
152 153 2.0
153 154 12.0
155 679 15.0
156 157 2.0
156 904 21.0
157 158 7.0
159 160 20.0
159 274 15.0
159 337 11.0
160 161 7.0
160 565 31.0
161 652 8.0
162 208 5.0
162 435 27.0
163 528 2.0
163 707 5.0
164 165 5.0
165 166 22.0
166 372 4.0
167 191 12.0
167 551 28.0
168 169 6.0
168 287 17.0
170 171 3.0
170 433 11.0
171 172 25.0
171 194 7.0
171 625 26.0
171 679 7.0
171 724 25.0
172 276 23.0
173 174 19.0
173 453 6.0
175 176 13.0
176 347 7.0
176 683 10.0
177 178 31.0
177 198 9.0
177 639 25.0
177 802 27.0
177 954 1.0
178 179 25.0
178 988 18.0
179 180 17.0
180 585 10.0
182 183 3.0
182 885 19.0
184 455 26.0
185 186 4.0
185 212 24.0
186 187 32.0
186 427 3.0
187 188 1.0
187 871 24.0
188 189 13.0
188 932 8.0
189 190 22.0
189 774 1.0
190 616 2.0
190 734 15.0
190 886 24.0
191 192 23.0
191 983 29.0
193 194 13.0
193 490 8.0
193 548 22.0
195 196 20.0
195 535 7.0
196 197 2.0
196 563 7.0
197 198 24.0
198 199 5.0
199 200 10.0
199 617 9.0
200 201 12.0
200 950 1.0
201 202 16.0
202 203 25.0
203 495 8.0
204 205 29.0
205 206 1.0
205 224 14.0
206 207 9.0
206 638 8.0
207 352 6.0
208 355 32.0
209 775 24.0
210 289 14.0
210 655 6.0
211 212 6.0
211 802 26.0
212 555 6.0
214 215 31.0
216 217 26.0
216 605 13.0
217 218 17.0
218 219 20.0
219 220 21.0
219 541 3.0
219 609 20.0
219 797 11.0
221 222 2.0
222 223 12.0
222 483 13.0
222 686 12.0
223 224 11.0
223 990 25.0
224 803 1.0
225 226 20.0
226 520 4.0
227 228 23.0
227 751 9.0
230 515 15.0
231 989 11.0
232 250 14.0
232 786 23.0
233 680 9.0
234 235 5.0
236 434 18.0
237 326 4.0
238 239 27.0
238 613 16.0
238 699 18.0
239 264 25.0
239 462 22.0
240 241 20.0
241 291 9.0
242 243 1.0
242 397 18.0
243 244 6.0
244 768 8.0
245 852 2.0
246 247 22.0
247 652 13.0
248 249 27.0
249 346 29.0
251 252 23.0
251 294 32.0
253 254 3.0
253 314 9.0
253 570 2.0
253 703 12.0
255 256 7.0
255 590 3.0
255 785 1.0
256 257 3.0
256 463 13.0
257 335 4.0
258 259 5.0
258 405 20.0
259 260 19.0
259 449 4.0
260 261 24.0
260 677 28.0
261 262 23.0
262 548 6.0
264 265 12.0
264 401 24.0
265 266 1.0
265 598 9.0
266 289 16.0
266 396 18.0
267 268 27.0
267 437 19.0
268 467 26.0
270 821 24.0
271 272 7.0
271 767 13.0
272 273 24.0
272 978 8.0
273 274 5.0
275 276 14.0
275 802 6.0
275 905 1.0
277 711 29.0
278 610 17.0
278 944 1.0
279 280 26.0
279 339 10.0
281 282 21.0
283 284 2.0
283 563 15.0
285 286 27.0
286 287 2.0
286 376 20.0
288 335 1.0
289 696 17.0
290 449 9.0
291 292 12.0
292 293 3.0
292 476 12.0
292 757 3.0
293 294 5.0
294 295 2.0
295 859 6.0
295 960 7.0
296 655 13.0
298 299 9.0
298 917 32.0
299 300 11.0
300 301 14.0
301 302 12.0
301 904 13.0
302 303 15.0
302 703 27.0
302 919 23.0
303 626 9.0
303 651 12.0
304 305 11.0
304 630 10.0
304 758 22.0
305 306 26.0
307 308 8.0
307 472 8.0
307 807 14.0
309 963 16.0
310 311 4.0
311 511 19.0
312 313 7.0
313 576 28.0
314 315 14.0
315 352 9.0
316 317 24.0
318 319 21.0
318 973 7.0
319 320 15.0
320 321 20.0
322 323 13.0
322 490 8.0
323 758 6.0
324 414 2.0
324 457 32.0
324 826 23.0
325 900 12.0
325 979 10.0
326 327 6.0
327 642 17.0
328 349 26.0
331 332 13.0
331 902 7.0
333 334 24.0
334 335 2.0
335 437 10.0
335 593 1.0
335 602 23.0
335 681 10.0
335 909 3.0
336 337 18.0
338 339 20.0
338 595 21.0
338 614 19.0
340 341 17.0
341 342 9.0
341 835 19.0
344 345 9.0
344 984 28.0
345 368 12.0
346 347 17.0
346 749 27.0
347 827 4.0
349 875 13.0
350 351 14.0
350 463 14.0
352 353 18.0
352 531 3.0
353 354 27.0
354 506 31.0
354 580 31.0
355 356 11.0
357 358 29.0
358 359 15.0
359 360 22.0
360 361 13.0
360 694 7.0
362 554 13.0
363 364 10.0
364 388 4.0
365 366 16.0
365 687 2.0
366 982 1.0
367 368 28.0
367 429 22.0
368 460 31.0
370 371 20.0
373 374 4.0
375 450 27.0
376 377 6.0
376 920 19.0
377 844 20.0
377 872 16.0
378 962 6.0
379 380 6.0
379 545 26.0
380 381 21.0
381 382 8.0
382 778 2.0
386 387 23.0
386 786 20.0
388 947 7.0
389 390 20.0
389 621 25.0
391 392 24.0
391 642 19.0
392 647 6.0
393 534 17.0
394 395 21.0
395 612 18.0
398 681 22.0
398 965 10.0
399 400 12.0
399 562 21.0
400 401 17.0
402 964 25.0
403 404 27.0
403 618 20.0
404 972 20.0
407 408 30.0
408 409 31.0
408 483 5.0
409 896 18.0
410 411 18.0
410 645 13.0
411 412 7.0
413 635 25.0
415 568 21.0
416 417 20.0
416 569 21.0
417 576 15.0
418 664 15.0
419 420 20.0
420 526 26.0
421 422 12.0
421 497 16.0
422 423 6.0
422 897 20.0
423 777 26.0
424 425 17.0
426 445 6.0
427 428 3.0
428 429 23.0
429 430 19.0
429 805 2.0
430 920 5.0
432 433 8.0
432 776 18.0
432 919 21.0
433 667 20.0
433 917 2.0
434 435 19.0
435 436 12.0
436 781 20.0
437 438 29.0
439 440 8.0
440 812 4.0
441 665 24.0
444 445 13.0
445 446 20.0
446 447 4.0
449 450 2.0
451 452 1.0
453 454 16.0
453 936 3.0
453 943 2.0
454 608 21.0
455 704 32.0
457 458 12.0
458 459 14.0
458 481 2.0
459 460 11.0
460 461 17.0
461 497 13.0
462 463 16.0
464 465 29.0
465 466 6.0
465 950 22.0
466 467 2.0
467 468 13.0
467 670 14.0
468 469 18.0
469 532 1.0
470 471 20.0
470 564 20.0
471 748 13.0
472 473 6.0
473 474 3.0
473 766 19.0
474 929 11.0
475 713 1.0
476 477 17.0
478 479 13.0
478 604 18.0
479 480 15.0
480 481 2.0
480 566 7.0
482 483 16.0
483 484 1.0
484 485 15.0
484 907 2.0
486 487 11.0
486 502 1.0
486 685 18.0
487 524 12.0
487 658 19.0
489 490 11.0
493 494 12.0
495 496 15.0
496 497 23.0
496 747 2.0
498 499 21.0
501 502 24.0
503 687 17.0
505 506 20.0
505 890 21.0
506 957 3.0
507 874 20.0
508 819 24.0
509 847 1.0
509 877 18.0
510 511 7.0
510 822 14.0
511 512 25.0
513 603 26.0
514 947 6.0
515 665 2.0
516 517 13.0
516 545 2.0
518 519 8.0
518 708 12.0
519 520 17.0
519 908 5.0
520 521 6.0
521 522 3.0
521 647 6.0
523 524 20.0
523 576 8.0
524 525 30.0
525 526 27.0
526 527 18.0
527 528 16.0
529 530 4.0
530 531 5.0
530 790 6.0
531 532 14.0
533 534 3.0
534 535 3.0
536 537 23.0
536 787 18.0
536 800 10.0
537 538 23.0
538 539 28.0
539 762 24.0
540 541 1.0
540 680 32.0
540 736 7.0
541 943 1.0
542 699 2.0
549 578 6.0
553 554 19.0
554 835 14.0
555 556 16.0
556 844 1.0
557 558 19.0
557 923 1.0
558 559 13.0
559 599 21.0
560 959 7.0
564 565 15.0
564 946 16.0
566 567 15.0
567 794 23.0
568 569 20.0
569 570 10.0
572 573 20.0
572 894 19.0
572 997 19.0
574 575 26.0
574 801 12.0
575 576 2.0
576 577 23.0
577 578 17.0
578 958 25.0
579 685 9.0
580 581 12.0
580 781 20.0
581 952 17.0
582 980 28.0
584 585 20.0
584 721 6.0
585 822 23.0
586 587 20.0
587 867 22.0
588 589 19.0
589 590 9.0
589 870 7.0
590 591 3.0
590 729 3.0
590 783 27.0
592 685 17.0
593 594 2.0
595 744 2.0
595 874 27.0
596 597 3.0
598 599 13.0
600 601 16.0
600 790 20.0
601 602 10.0
602 603 15.0
602 854 6.0
605 606 4.0
606 924 20.0
607 608 8.0
607 843 28.0
608 671 18.0
609 897 26.0
612 613 13.0
612 720 2.0
614 615 23.0
615 616 14.0
615 819 14.0
616 851 7.0
617 618 22.0
618 844 7.0
619 620 19.0
620 621 3.0
622 623 5.0
623 624 19.0
623 632 16.0
624 625 21.0
627 628 24.0
627 983 12.0
628 629 10.0
629 843 3.0
630 631 7.0
630 896 16.0
633 676 24.0
634 635 23.0
636 741 16.0
637 638 15.0
637 640 19.0
638 840 8.0
639 640 21.0
640 911 21.0
642 643 7.0
644 645 32.0
647 648 5.0
648 837 26.0
648 970 18.0
649 746 10.0
649 953 15.0
650 651 8.0
650 697 10.0
650 807 2.0
653 654 1.0
653 675 24.0
653 934 2.0
654 818 13.0
656 930 12.0
657 658 7.0
658 659 31.0
659 981 19.0
660 973 28.0
661 662 12.0
662 663 24.0
662 926 3.0
663 664 17.0
665 666 20.0
665 678 14.0
668 669 24.0
670 671 4.0
671 672 13.0
672 673 14.0
674 675 1.0
674 846 21.0
675 676 16.0
677 678 2.0
678 991 15.0
679 788 4.0
680 863 13.0
681 682 19.0
681 858 2.0
683 702 25.0
684 685 18.0
684 727 19.0
686 940 17.0
687 688 18.0
690 691 24.0
692 693 26.0
692 845 1.0
693 694 2.0
694 861 16.0
694 965 20.0
695 696 16.0
696 697 20.0
696 814 15.0
697 698 24.0
698 699 1.0
699 700 2.0
701 816 6.0
705 706 17.0
705 829 24.0
706 707 7.0
708 709 5.0
709 827 24.0
710 711 14.0
710 941 20.0
711 712 6.0
712 713 26.0
714 715 9.0
714 721 24.0
715 716 4.0
716 796 9.0
719 720 27.0
720 721 1.0
721 894 26.0
724 725 15.0
725 726 1.0
726 727 15.0
728 729 14.0
731 732 2.0
732 733 7.0
733 734 22.0
735 966 34.0
737 927 11.0
738 739 4.0
738 766 10.0
740 741 17.0
742 743 17.0
745 951 15.0
746 747 2.0
747 748 6.0
748 749 28.0
751 752 2.0
753 754 8.0
754 755 28.0
754 899 17.0
755 756 21.0
756 757 19.0
756 787 6.0
758 759 18.0
759 760 12.0
760 761 14.0
761 762 11.0
762 912 1.0
763 764 9.0
763 820 25.0
766 767 18.0
769 770 10.0
769 857 3.0
769 984 31.0
770 771 7.0
771 772 1.0
773 774 20.0
773 852 8.0
774 775 2.0
775 776 17.0
777 778 16.0
778 779 9.0
779 780 7.0
780 781 21.0
782 783 1.0
784 966 20.0
786 833 4.0
789 790 34.0
792 793 12.0
794 795 10.0
794 907 22.0
796 797 1.0
798 799 5.0
798 991 21.0
803 804 12.0
804 805 29.0
808 809 11.0
810 811 20.0
811 812 8.0
811 848 3.0
812 813 10.0
814 815 1.0
817 818 1.0
818 819 12.0
818 948 28.0
820 821 4.0
821 822 6.0
821 973 25.0
823 824 18.0
823 872 5.0
824 964 6.0
825 826 13.0
829 830 25.0
830 831 9.0
831 996 28.0
833 834 19.0
834 835 14.0
835 836 20.0
836 969 18.0
837 838 23.0
838 839 28.0
840 841 22.0
841 842 27.0
844 845 18.0
845 846 26.0
845 994 25.0
848 849 22.0
849 850 30.0
851 852 14.0
851 882 11.0
853 854 6.0
855 904 16.0
856 857 6.0
856 912 18.0
861 862 2.0
862 863 14.0
863 864 1.0
864 865 11.0
865 866 9.0
870 871 24.0
874 875 16.0
877 878 18.0
879 880 17.0
879 993 17.0
880 881 27.0
882 883 4.0
884 885 12.0
886 887 7.0
887 888 17.0
889 890 1.0
890 891 8.0
892 893 7.0
892 936 8.0
893 894 14.0
896 897 11.0
897 898 1.0
900 901 10.0
902 903 29.0
904 905 23.0
906 907 26.0
908 909 10.0
908 958 22.0
911 912 27.0
911 971 19.0
912 913 31.0
914 915 7.0
915 916 24.0
916 917 13.0
916 996 12.0
919 920 4.0
922 923 15.0
923 924 15.0
925 926 19.0
927 928 14.0
929 930 20.0
930 931 7.0
932 933 12.0
934 935 5.0
935 936 5.0
936 937 11.0
938 939 8.0
939 940 6.0
941 942 7.0
942 943 3.0
945 946 7.0
948 949 7.0
950 951 11.0
951 952 18.0
952 953 4.0
954 955 1.0
955 956 12.0
956 957 18.0
961 962 13.0
964 965 22.0
966 967 6.0
967 968 9.0
968 969 18.0
969 970 11.0
971 972 21.0
974 975 14.0
976 977 1.0
977 978 28.0
978 981 30.0
979 980 10.0
983 984 13.0
985 986 20.0
986 987 1.0
987 988 3.0
988 989 13.0
989 990 4.0
991 992 15.0
995 996 8.0
996 997 17.0
998 999 4.0
