535.9500000000007
186
0 82 0.01
0 139 0.02
1 22 0.08
1 66 0.05
1 114 0.01
1 183 0.11
3 88 0.05
3 144 0.06
3 185 0.08
4 120 0.03
4 175 0.07
6 23 0.06
6 71 0.01
6 107 0.15
6 128 0.02
6 133 0.05
6 149 0.08
7 92 0.11
7 121 0.11
8 40 0.13
8 43 0.04
8 164 0.07
9 88 0.1
10 167 0.08
11 39 0.09
11 66 0.05
12 198 0.11
13 174 0.09
15 16 0.01
15 113 0.1
15 182 0.12
16 80 0.09
16 160 0.15
16 190 0.07
17 142 0.14
17 166 0.03
18 19 0.04
19 49 0.02
21 189 0.03
21 197 0.08
22 36 0.1
22 37 0.06
22 59 0.03
22 62 0.04
22 112 0.04
22 146 0.01
26 120 0.03
26 136 0.01
31 67 0.14
32 68 0.11
32 187 0.15
32 195 0.05
33 68 0.04
33 102 0.08
34 72 0.04
35 41 0.09
35 50 0.08
35 175 0.13
36 127 0.11
37 116 0.12
37 193 0.07
38 52 0.13
38 102 0.12
38 188 0.05
39 171 0.1
40 49 0.12
40 157 0.05
41 136 0.07
41 177 0.03
42 69 0.12
42 83 0.04
42 186 0.07
43 58 0.15
43 135 0.1
44 133 0.01
44 159 0.1
45 110 0.08
45 151 0.07
45 199 0.16
50 85 0.02
50 128 0.02
51 93 0.03
51 193 0.13
52 123 0.08
52 190 0.08
56 65 0.08
56 79 0.09
57 167 0.07
61 78 0.09
61 160 0.15
62 172 0.03
63 81 0.02
64 105 0.03
64 142 0.13
65 68 0.08
66 97 0.08
68 195 0.08
71 120 0.1
72 93 0.14
72 154 0.01
73 74 0.04
73 140 0.13
74 158 0.1
75 192 0.03
77 158 0.15
81 199 0.04
82 188 0.15
83 103 0.13
83 116 0.14
83 144 0.11
84 100 0.11
84 167 0.08
84 194 0.05
85 149 0.02
87 99 0.13
88 132 0.12
88 195 0.01
89 90 0.09
89 107 0.05
89 130 0.02
89 198 0.14
90 167 0.09
91 185 0.14
94 144 0.15
95 154 0.04
96 183 0.11
98 140 0.13
99 104 0.14
99 127 0.09
99 160 0.01
102 145 0.08
103 194 0.07
104 128 0.11
105 139 0.14
105 150 0.08
105 156 0.06
106 188 0.05
107 151 0.12
108 148 0.06
109 199 0.12
110 192 0.12
112 139 0.02
112 145 0.04
112 184 0.04
112 192 0.09
113 160 0.12
115 186 0.03
116 154 0.16
118 147 0.05
118 195 0.03
119 120 0.08
120 140 0.06
121 173 0.06
123 126 0.11
123 153 0.03
123 193 0.13
126 170 0.04
128 182 0.08
130 175 0.03
131 150 0.09
131 188 0.14
132 183 0.03
139 197 0.05
141 151 0.08
141 152 0.03
141 165 0.04
141 181 0.08
142 168 0.03
142 198 0.01
143 155 0.07
145 192 0.1
145 193 0.16
146 163 0.02
147 153 0.01
149 152 0.11
149 165 0.01
149 181 0.08
151 180 0.02
161 181 0.03
165 186 0.01
168 173 0.16
174 199 0.13
176 181 0.09
176 194 0.04
182 193 0.1
187 188 0.02
