100
500
0 1 28
1 2 26
2 3 1
3 4 15
4 5 3
5 6 4
6 7 15
7 8 47
8 9 29
9 10 6
10 11 40
11 12 49
12 13 29
13 14 45
14 15 11
15 16 9
16 17 49
17 18 2
18 19 28
19 20 12
20 21 33
21 22 21
22 23 30
23 24 17
24 25 6
25 26 9
26 27 35
27 28 10
28 29 5
29 30 18
30 31 38
31 32 6
32 33 4
33 34 6
34 35 10
35 36 42
36 37 43
37 38 13
38 39 45
39 40 47
40 41 33
41 42 33
42 43 20
43 44 45
44 45 23
45 46 20
46 47 42
47 48 32
48 49 35
49 50 34
50 51 29
51 52 35
52 53 4
53 54 22
54 55 10
55 56 17
56 57 16
57 58 41
58 59 10
59 60 5
60 61 3
61 62 47
62 63 44
63 64 35
64 65 32
65 66 47
66 67 43
67 68 34
68 69 2
69 70 31
70 71 29
71 72 35
72 73 22
73 74 20
74 75 33
75 76 23
76 77 37
77 78 43
78 79 44
79 80 37
80 81 46
81 82 19
82 83 7
83 84 49
84 85 12
85 86 18
86 87 7
87 88 48
88 89 15
89 90 7
90 91 16
91 92 32
92 93 23
93 94 2
94 95 3
95 96 21
96 97 46
97 98 18
98 99 3
99 0 44
0 37 41
1 95 19
2 88 18
3 17 17
4 25 27
5 92 41
6 85 16
7 93 37
8 15 35
9 38 32
10 85 2
11 88 12
12 0 41
13 79 9
14 68 9
15 88 27
16 66 15
17 66 24
18 51 19
19 38 26
20 71 5
21 42 2
22 84 7
23 14 46
24 84 39
25 44 19
26 54 21
27 23 8
28 15 18
29 23 28
30 53 33
31 93 43
32 64 49
33 6 18
34 16 34
35 58 20
36 12 34
37 44 25
38 34 28
39 33 45
40 86 40
41 7 12
42 77 23
43 85 20
44 30 47
45 48 47
46 28 19
47 34 11
48 13 32
49 94 47
50 49 18
51 41 14
52 58 4
53 23 3
54 62 41
55 9 42
56 14 47
57 95 21
58 66 15
59 17 45
60 22 30
61 8 2
62 92 31
63 0 16
64 35 39
65 41 43
66 37 37
67 86 41
68 14 17
69 57 25
70 20 6
71 30 9
72 12 17
73 82 49
74 34 21
75 20 15
76 4 18
77 34 19
78 15 12
79 26 20
80 1 30
81 11 44
82 69 20
83 54 39
84 40 15
85 3 43
86 4 25
87 5 6
88 29 6
89 9 38
90 83 47
91 80 45
92 52 12
93 38 11
94 7 22
95 34 5
96 60 14
97 39 31
98 8 7
99 82 39
0 60 31
1 92 14
2 96 4
3 98 12
4 78 26
5 8 29
6 94 15
7 88 44
8 66 25
9 75 11
10 65 17
11 7 32
12 11 2
13 97 42
14 64 49
15 58 41
16 69 37
17 1 33
18 49 3
19 90 45
20 33 15
21 63 43
22 51 13
23 76 36
24 51 15
25 86 17
26 52 12
27 84 48
28 41 12
29 12 27
30 93 18
31 18 39
32 50 12
33 58 18
34 23 28
35 67 26
36 6 13
37 75 46
38 70 15
39 62 21
40 35 33
41 54 46
42 22 18
43 49 7
44 11 44
45 69 27
46 25 46
47 65 26
48 45 32
49 62 39
50 95 16
51 50 40
52 90 14
53 8 11
54 39 17
55 59 47
56 90 27
57 18 34
58 5 41
59 77 7
60 33 13
61 93 6
62 88 29
63 39 25
64 84 18
65 30 29
66 9 24
67 65 18
68 12 3
69 72 39
70 68 35
71 82 36
72 1 49
73 86 37
74 73 28
75 28 40
76 29 13
77 2 42
78 13 11
79 49 41
80 23 1
81 49 36
82 18 44
83 48 22
84 26 10
85 18 44
86 51 9
87 21 47
88 10 1
89 27 27
90 13 44
91 84 12
92 48 39
93 32 28
94 17 29
95 50 30
96 8 43
97 1 1
98 41 13
99 63 48
0 51 35
1 43 11
2 75 48
3 91 1
4 61 11
5 11 44
6 79 33
7 83 38
8 93 29
9 16 6
10 81 24
11 50 2
12 16 20
13 60 45
14 3 26
15 92 46
16 35 26
17 85 36
18 23 24
19 81 43
20 46 18
21 20 27
22 85 48
23 30 7
24 31 33
25 30 10
26 65 13
27 72 43
28 23 45
29 79 6
30 97 3
31 65 2
32 94 43
33 61 39
34 41 35
35 62 35
36 81 16
37 55 11
38 86 37
39 6 39
40 7 32
41 24 21
42 99 38
43 52 11
44 86 16
45 8 26
46 85 21
47 76 32
48 50 10
49 69 11
50 16 22
51 5 35
52 48 18
53 51 21
54 84 15
55 72 7
56 9 49
57 97 20
58 9 5
59 9 10
60 44 16
61 16 28
62 41 49
63 7 27
64 41 9
65 32 31
66 47 12
67 25 21
68 90 38
69 97 20
70 59 15
71 21 6
72 27 23
73 87 20
74 67 1
75 25 13
76 28 16
77 70 15
78 85 30
79 69 46
80 12 22
81 60 19
82 16 12
83 27 11
84 66 43
85 41 37
86 81 36
87 47 23
88 59 18
89 49 2
90 20 11
91 50 15
92 30 6
93 64 43
94 22 2
95 69 26
96 15 49
97 14 32
98 24 34
99 23 25
0 49 14
1 59 20
2 36 17
3 99 14
4 59 6
5 99 33
6 30 18
7 90 30
8 26 36
9 25 30
10 96 31
11 33 3
12 85 9
13 89 9
14 33 22
15 55 30
16 23 11
17 12 18
18 39 48
19 39 10
20 3 48
21 69 33
22 19 22
23 96 21
24 40 25
25 38 20
26 10 30
27 98 30
28 97 2
29 40 36
30 59 40
31 89 17
32 6 42
33 71 13
34 90 9
35 48 35
36 41 8
37 95 10
38 22 41
39 22 15
40 79 36
41 35 31
42 4 2
43 73 41
44 55 17
45 26 4
46 16 44
47 36 2
48 35 49
49 23 12
50 96 1
51 56 26
52 60 37
53 83 34
54 32 17
55 10 43
56 52 21
57 37 47
58 26 28
59 79 11
60 79 5
61 19 8
62 40 23
63 91 25
64 20 3
65 99 20
66 27 12
67 99 37
68 97 22
69 51 44
70 22 6
71 3 8
72 51 12
73 51 48
74 76 31
75 87 47
76 49 48
77 89 3
78 86 48
79 83 28
80 59 20
81 26 29
82 72 16
83 59 49
84 8 46
85 1 49
86 3 42
87 38 19
88 70 29
89 44 34
90 88 10
91 51 15
92 97 3
93 5 35
94 83 28
95 53 7
96 63 34
97 48 15
98 35 21
99 29 35
