500
1000
0 1 18
1 2 44
2 3 38
3 4 25
4 5 2
5 6 30
6 7 21
7 8 28
8 9 20
9 10 22
10 11 34
11 12 10
12 13 36
13 14 28
14 15 8
15 16 18
16 17 18
17 18 22
18 19 9
19 20 27
20 21 44
21 22 33
22 23 1
23 24 41
24 25 30
25 26 41
26 27 24
27 28 15
28 29 35
29 30 25
30 31 6
31 32 48
32 33 41
33 34 29
34 35 38
35 36 32
36 37 24
37 38 24
38 39 30
39 40 17
40 41 30
41 42 12
42 43 2
43 44 37
44 45 30
45 46 6
46 47 11
47 48 17
48 49 35
49 50 20
50 51 37
51 52 45
52 53 42
53 54 22
54 55 5
55 56 41
56 57 6
57 58 40
58 59 8
59 60 48
60 61 48
61 62 29
62 63 10
63 64 20
64 65 18
65 66 13
66 67 21
67 68 49
68 69 37
69 70 25
70 71 31
71 72 25
72 73 44
73 74 20
74 75 4
75 76 3
76 77 23
77 78 3
78 79 35
79 80 40
80 81 4
81 82 6
82 83 19
83 84 14
84 85 26
85 86 32
86 87 1
87 88 18
88 89 19
89 90 3
90 91 30
91 92 45
92 93 30
93 94 19
94 95 18
95 96 22
96 97 42
97 98 35
98 99 37
99 100 7
100 101 3
101 102 30
102 103 16
103 104 19
104 105 27
105 106 29
106 107 49
107 108 30
108 109 2
109 110 9
110 111 40
111 112 37
112 113 27
113 114 38
114 115 26
115 116 33
116 117 38
117 118 47
118 119 9
119 120 32
120 121 20
121 122 17
122 123 23
123 124 11
124 125 43
125 126 46
126 127 35
127 128 3
128 129 32
129 130 19
130 131 34
131 132 6
132 133 4
133 134 25
134 135 25
135 136 27
136 137 48
137 138 8
138 139 47
139 140 37
140 141 7
141 142 25
142 143 42
143 144 35
144 145 15
145 146 32
146 147 44
147 148 16
148 149 11
149 150 6
150 151 19
151 152 31
152 153 12
153 154 23
154 155 41
155 156 48
156 157 9
157 158 30
158 159 32
159 160 38
160 161 45
161 162 37
162 163 23
163 164 5
164 165 29
165 166 47
166 167 13
167 168 34
168 169 19
169 170 18
170 171 16
171 172 37
172 173 12
173 174 16
174 175 12
175 176 23
176 177 8
177 178 10
178 179 34
179 180 26
180 181 9
181 182 4
182 183 6
183 184 28
184 185 44
185 186 36
186 187 16
187 188 20
188 189 11
189 190 22
190 191 26
191 192 42
192 193 27
193 194 44
194 195 39
195 196 6
196 197 5
197 198 42
198 199 47
199 200 19
200 201 26
201 202 45
202 203 30
203 204 31
204 205 8
205 206 39
206 207 2
207 208 25
208 209 12
209 210 17
210 211 10
211 212 16
212 213 23
213 214 48
214 215 20
215 216 32
216 217 48
217 218 20
218 219 34
219 220 13
220 221 9
221 222 19
222 223 12
223 224 11
224 225 41
225 226 22
226 227 7
227 228 38
228 229 18
229 230 45
230 231 48
231 232 33
232 233 16
233 234 32
234 235 4
235 236 7
236 237 11
237 238 26
238 239 6
239 240 15
240 241 29
241 242 8
242 243 41
243 244 2
244 245 18
245 246 49
246 247 36
247 248 42
248 249 47
249 250 23
250 251 48
251 252 1
252 253 26
253 254 38
254 255 18
255 256 17
256 257 33
257 258 9
258 259 33
259 260 21
260 261 42
261 262 30
262 263 36
263 264 18
264 265 34
265 266 20
266 267 49
267 268 26
268 269 3
269 270 19
270 271 48
271 272 18
272 273 27
273 274 39
274 275 43
275 276 5
276 277 38
277 278 36
278 279 4
279 280 45
280 281 41
281 282 6
282 283 44
283 284 36
284 285 26
285 286 44
286 287 7
287 288 1
288 289 27
289 290 26
290 291 3
291 292 28
292 293 39
293 294 14
294 295 3
295 296 17
296 297 39
297 298 13
298 299 6
299 300 2
300 301 46
301 302 48
302 303 47
303 304 17
304 305 8
305 306 29
306 307 38
307 308 2
308 309 35
309 310 4
310 311 22
311 312 15
312 313 39
313 314 36
314 315 12
315 316 5
316 317 37
317 318 14
318 319 32
319 320 15
320 321 8
321 322 29
322 323 3
323 324 37
324 325 32
325 326 22
326 327 19
327 328 5
328 329 49
329 330 39
330 331 48
331 332 33
332 333 19
333 334 14
334 335 25
335 336 22
336 337 19
337 338 39
338 339 10
339 340 19
340 341 26
341 342 41
342 343 13
343 344 47
344 345 24
345 346 40
346 347 19
347 348 6
348 349 29
349 350 20
350 351 8
351 352 30
352 353 9
353 354 29
354 355 42
355 356 23
356 357 30
357 358 18
358 359 30
359 360 26
360 361 3
361 362 40
362 363 25
363 364 18
364 365 37
365 366 47
366 367 24
367 368 5
368 369 15
369 370 7
370 371 38
371 372 14
372 373 14
373 374 3
374 375 21
375 376 31
376 377 22
377 378 32
378 379 46
379 380 31
380 381 7
381 382 31
382 383 1
383 384 2
384 385 17
385 386 7
386 387 28
387 388 6
388 389 28
389 390 29
390 391 45
391 392 24
392 393 7
393 394 27
394 395 29
395 396 25
396 397 45
397 398 11
398 399 19
399 400 42
400 401 42
401 402 34
402 403 47
403 404 32
404 405 11
405 406 42
406 407 34
407 408 8
408 409 17
409 410 8
410 411 36
411 412 15
412 413 2
413 414 47
414 415 10
415 416 35
416 417 45
417 418 31
418 419 41
419 420 14
420 421 16
421 422 11
422 423 2
423 424 31
424 425 49
425 426 4
426 427 31
427 428 38
428 429 27
429 430 44
430 431 30
431 432 11
432 433 22
433 434 42
434 435 24
435 436 26
436 437 2
437 438 22
438 439 5
439 440 49
440 441 9
441 442 25
442 443 29
443 444 14
444 445 17
445 446 49
446 447 31
447 448 49
448 449 19
449 450 3
450 451 32
451 452 14
452 453 16
453 454 18
454 455 29
455 456 20
456 457 31
457 458 28
458 459 14
459 460 18
460 461 15
461 462 38
462 463 38
463 464 23
464 465 17
465 466 26
466 467 5
467 468 28
468 469 19
469 470 37
470 471 18
471 472 19
472 473 1
473 474 14
474 475 34
475 476 44
476 477 9
477 478 41
478 479 36
479 480 38
480 481 35
481 482 18
482 483 47
483 484 36
484 485 11
485 486 37
486 487 43
487 488 9
488 489 7
489 490 2
490 491 38
491 492 25
492 493 48
493 494 1
494 495 15
495 496 24
496 497 23
497 498 7
498 499 42
499 0 2
0 481 9
1 489 11
2 474 48
3 317 10
4 326 42
5 110 27
6 273 15
7 276 15
8 203 17
9 343 24
10 132 10
11 381 6
12 107 21
13 292 40
14 46 31
15 2 5
16 91 15
17 49 23
18 268 30
19 217 25
20 99 14
21 171 1
22 237 2
23 240 37
24 213 27
25 92 42
26 86 24
27 77 17
28 436 13
29 380 33
30 43 17
31 326 42
32 437 47
33 372 14
34 333 31
35 196 48
36 45 22
37 113 48
38 305 48
39 253 8
40 392 42
41 158 10
42 211 2
43 379 32
44 445 27
45 191 36
46 63 2
47 29 20
48 44 20
49 109 29
50 92 42
51 422 40
52 234 13
53 180 30
54 325 42
55 341 18
56 29 5
57 350 16
58 225 38
59 173 39
60 491 42
61 476 48
62 80 13
63 303 7
64 474 30
65 283 27
66 271 43
67 75 47
68 123 16
69 271 30
70 213 18
71 337 25
72 323 35
73 323 22
74 56 27
75 412 44
76 128 43
77 362 24
78 131 42
79 469 17
80 113 11
81 285 21
82 434 48
83 209 47
84 1 10
85 172 32
86 202 32
87 128 16
88 195 1
89 62 14
90 311 17
91 135 29
92 95 13
93 191 30
94 301 13
95 112 41
96 493 13
97 57 17
98 224 21
99 256 18
100 24 21
101 157 43
102 451 12
103 184 22
104 430 11
105 467 3
106 230 12
107 270 18
108 338 49
109 350 28
110 298 48
111 166 9
112 238 44
113 278 29
114 310 44
115 209 7
116 283 33
117 354 33
118 456 3
119 46 9
120 305 36
121 267 20
122 259 8
123 396 12
124 239 19
125 177 9
126 272 26
127 24 23
128 154 1
129 23 20
130 398 48
131 431 46
132 144 33
133 266 12
134 329 42
135 67 32
136 51 9
137 50 47
138 493 24
139 387 6
140 125 45
141 257 21
142 499 13
143 405 44
144 233 8
145 7 28
146 277 17
147 139 10
148 89 45
149 240 25
150 88 10
151 384 11
152 3 24
153 282 36
154 170 37
155 140 14
156 286 26
157 169 2
158 357 37
159 276 27
160 453 17
161 239 8
162 121 47
163 244 26
164 68 14
165 473 27
166 107 46
167 480 21
168 294 13
169 358 26
170 311 29
171 333 22
172 82 9
173 365 9
174 473 11
175 213 10
176 378 36
177 79 15
178 319 43
179 436 24
180 365 16
181 337 16
182 427 42
183 101 3
184 99 35
185 45 38
186 274 14
187 481 19
188 170 42
189 248 25
190 103 15
191 322 16
192 389 12
193 413 9
194 325 25
195 169 44
196 371 18
197 10 6
198 397 30
199 460 3
200 122 16
201 309 19
202 384 10
203 342 45
204 489 43
205 459 19
206 86 15
207 161 17
208 488 25
209 176 42
210 468 22
211 296 44
212 74 46
213 18 22
214 36 40
215 118 9
216 211 12
217 412 8
218 200 11
219 262 19
220 44 46
221 228 15
222 348 18
223 379 6
224 43 47
225 486 37
226 218 25
227 459 7
228 325 32
229 346 2
230 402 13
231 476 7
232 367 10
233 436 2
234 492 7
235 400 44
236 181 33
237 178 10
238 121 49
239 30 28
240 60 46
241 278 26
242 81 47
243 362 23
244 12 31
245 378 34
246 278 22
247 437 7
248 196 28
249 399 18
250 402 18
251 50 35
252 158 35
253 213 20
254 78 3
255 233 8
256 94 34
257 127 12
258 314 46
259 150 24
260 480 35
261 146 27
262 224 29
263 343 48
264 182 10
265 419 32
266 493 5
267 54 22
268 423 25
269 230 41
270 214 33
271 406 17
272 1 5
273 423 17
274 121 26
275 108 15
276 420 11
277 220 32
278 216 39
279 374 39
280 63 1
281 86 42
282 322 15
283 31 24
284 75 5
285 342 35
286 377 11
287 49 35
288 465 19
289 247 37
290 170 5
291 407 45
292 318 42
293 19 32
294 46 11
295 215 15
296 250 47
297 330 4
298 428 1
299 406 26
300 148 15
301 2 27
302 435 5
303 126 40
304 157 40
305 340 12
306 435 41
307 286 12
308 158 16
309 11 34
310 441 35
311 495 2
312 270 45
313 67 11
314 181 37
315 483 26
316 430 4
317 278 10
318 303 46
319 16 7
320 19 40
321 87 8
322 221 9
323 214 30
324 365 21
325 192 10
326 328 47
327 251 21
328 197 9
329 223 23
330 230 24
331 143 46
332 227 14
333 355 1
334 192 31
335 195 30
336 288 30
337 241 48
338 286 41
339 169 18
340 109 21
341 494 17
342 50 2
343 45 40
344 90 12
345 207 6
346 229 41
347 174 11
348 91 35
349 199 5
350 67 4
351 449 42
352 347 1
353 366 5
354 275 30
355 408 14
356 241 1
357 168 1
358 253 23
359 475 6
360 297 19
361 49 33
362 307 16
363 42 10
364 231 6
365 272 13
366 180 19
367 202 47
368 355 49
369 347 39
370 384 3
371 459 32
372 58 29
373 403 5
374 407 35
375 338 37
376 35 5
377 480 4
378 203 28
379 70 13
380 118 1
381 279 1
382 114 16
383 84 14
384 87 27
385 358 14
386 106 22
387 211 36
388 481 11
389 362 15
390 122 2
391 98 37
392 136 18
393 2 49
394 171 14
395 181 36
396 297 42
397 46 20
398 371 34
399 324 45
400 10 3
401 162 5
402 339 27
403 52 6
404 151 7
405 373 2
406 355 36
407 402 46
408 197 11
409 215 3
410 315 39
411 218 40
412 486 41
413 401 33
414 253 28
415 18 21
416 62 37
417 300 27
418 65 33
419 422 34
420 433 29
421 167 14
422 54 21
423 193 18
424 30 35
425 258 11
426 235 41
427 244 17
428 126 2
429 333 29
430 156 16
431 38 12
432 318 22
433 152 22
434 143 40
435 481 44
436 192 5
437 487 48
438 52 4
439 337 11
440 407 26
441 140 30
442 448 20
443 107 46
444 138 47
445 115 49
446 411 44
447 293 38
448 460 43
449 305 33
450 221 43
451 457 23
452 484 43
453 394 20
454 382 25
455 483 2
456 7 25
457 264 30
458 277 25
459 76 27
460 170 46
461 89 41
462 120 30
463 334 36
464 81 9
465 0 14
466 398 41
467 86 4
468 50 43
469 183 16
470 185 29
471 80 49
472 118 36
473 431 1
474 131 31
475 63 5
476 224 23
477 148 27
478 232 18
479 149 9
480 165 14
481 70 15
482 413 16
483 131 26
484 292 48
485 404 2
486 171 47
487 79 22
488 39 33
489 163 14
490 18 49
491 195 6
492 463 5
493 496 20
494 22 25
495 103 47
496 227 15
497 366 21
498 489 10
499 215 22
