1000
2000
0 1 48
1 2 16
2 3 44
3 4 26
4 5 20
5 6 37
6 7 8
7 8 49
8 9 31
9 10 39
10 11 5
11 12 34
12 13 48
13 14 23
14 15 1
15 16 19
16 17 37
17 18 5
18 19 11
19 20 33
20 21 49
21 22 23
22 23 3
23 24 19
24 25 14
25 26 2
26 27 43
27 28 49
28 29 42
29 30 2
30 31 29
31 32 5
32 33 40
33 34 21
34 35 3
35 36 1
36 37 30
37 38 41
38 39 26
39 40 35
40 41 35
41 42 7
42 43 11
43 44 10
44 45 44
45 46 42
46 47 26
47 48 34
48 49 25
49 50 35
50 51 14
51 52 44
52 53 32
53 54 6
54 55 10
55 56 32
56 57 25
57 58 22
58 59 46
59 60 41
60 61 31
61 62 25
62 63 8
63 64 47
64 65 39
65 66 1
66 67 46
67 68 33
68 69 25
69 70 30
70 71 9
71 72 20
72 73 23
73 74 29
74 75 26
75 76 5
76 77 35
77 78 36
78 79 45
79 80 14
80 81 12
81 82 39
82 83 9
83 84 28
84 85 3
85 86 34
86 87 7
87 88 7
88 89 32
89 90 33
90 91 48
91 92 6
92 93 29
93 94 3
94 95 20
95 96 30
96 97 38
97 98 13
98 99 5
99 100 14
100 101 45
101 102 1
102 103 34
103 104 29
104 105 45
105 106 4
106 107 1
107 108 16
108 109 8
109 110 32
110 111 46
111 112 49
112 113 42
113 114 11
114 115 22
115 116 6
116 117 28
117 118 7
118 119 19
119 120 18
120 121 7
121 122 23
122 123 15
123 124 15
124 125 30
125 126 34
126 127 29
127 128 49
128 129 23
129 130 43
130 131 9
131 132 26
132 133 24
133 134 28
134 135 38
135 136 22
136 137 17
137 138 44
138 139 37
139 140 22
140 141 11
141 142 9
142 143 25
143 144 43
144 145 37
145 146 14
146 147 10
147 148 20
148 149 17
149 150 30
150 151 22
151 152 6
152 153 2
153 154 12
154 155 42
155 156 32
156 157 2
157 158 7
158 159 32
159 160 20
160 161 7
161 162 35
162 163 49
163 164 46
164 165 5
165 166 22
166 167 28
167 168 45
168 169 6
169 170 36
170 171 3
171 172 25
172 173 28
173 174 19
174 175 27
175 176 13
176 177 49
177 178 31
178 179 25
179 180 17
180 181 19
181 182 41
182 183 3
183 184 42
184 185 34
185 186 4
186 187 32
187 188 1
188 189 13
189 190 22
190 191 39
191 192 23
192 193 42
193 194 13
194 195 29
195 196 20
196 197 2
197 198 24
198 199 5
199 200 10
200 201 12
201 202 16
202 203 25
203 204 44
204 205 29
205 206 1
206 207 9
207 208 40
208 209 34
209 210 39
210 211 46
211 212 6
212 213 38
213 214 40
214 215 31
215 216 45
216 217 26
217 218 17
218 219 20
219 220 21
220 221 39
221 222 2
222 223 12
223 224 11
224 225 41
225 226 20
226 227 32
227 228 23
228 229 32
229 230 39
230 231 40
231 232 41
232 233 31
233 234 43
234 235 5
235 236 34
236 237 42
237 238 41
238 239 27
239 240 39
240 241 20
241 242 39
242 243 1
243 244 6
244 245 34
245 246 29
246 247 22
247 248 38
248 249 27
249 250 35
250 251 44
251 252 23
252 253 45
253 254 3
254 255 35
255 256 7
256 257 3
257 258 28
258 259 5
259 260 19
260 261 24
261 262 23
262 263 46
263 264 36
264 265 12
265 266 1
266 267 21
267 268 27
268 269 47
269 270 38
270 271 44
271 272 7
272 273 24
273 274 5
274 275 33
275 276 14
276 277 30
277 278 29
278 279 39
279 280 26
280 281 31
281 282 21
282 283 25
283 284 2
284 285 36
285 286 27
286 287 2
287 288 22
288 289 27
289 290 47
290 291 38
291 292 12
292 293 3
293 294 5
294 295 2
295 296 8
296 297 40
297 298 33
298 299 9
299 300 11
300 301 14
301 302 12
302 303 15
303 304 36
304 305 11
305 306 26
306 307 40
307 308 8
308 309 28
309 310 39
310 311 4
311 312 48
312 313 7
313 314 37
314 315 14
315 316 24
316 317 24
317 318 38
318 319 21
319 320 15
320 321 20
321 322 33
322 323 13
323 324 30
324 325 42
325 326 38
326 327 6
327 328 47
328 329 48
329 330 36
330 331 31
331 332 13
332 333 38
333 334 24
334 335 2
335 336 26
336 337 18
337 338 39
338 339 20
339 340 31
340 341 17
341 342 9
342 343 36
343 344 47
344 345 9
345 346 47
346 347 17
347 348 24
348 349 45
349 350 40
350 351 14
351 352 45
352 353 18
353 354 27
354 355 37
355 356 11
356 357 33
357 358 29
358 359 15
359 360 22
360 361 13
361 362 27
362 363 32
363 364 10
364 365 25
365 366 16
366 367 36
367 368 28
368 369 33
369 370 33
370 371 20
371 372 29
372 373 31
373 374 4
374 375 42
375 376 46
376 377 6
377 378 30
378 379 40
379 380 6
380 381 21
381 382 8
382 383 26
383 384 31
384 385 43
385 386 28
386 387 23
387 388 26
388 389 44
389 390 20
390 391 30
391 392 24
392 393 38
393 394 42
394 395 21
395 396 32
396 397 42
397 398 42
398 399 29
399 400 12
400 401 17
401 402 43
402 403 28
403 404 27
404 405 35
405 406 33
406 407 43
407 408 30
408 409 31
409 410 33
410 411 18
411 412 7
412 413 27
413 414 31
414 415 44
415 416 31
416 417 20
417 418 38
418 419 48
419 420 20
420 421 21
421 422 12
422 423 6
423 424 46
424 425 17
425 426 14
426 427 8
427 428 3
428 429 23
429 430 19
430 431 40
431 432 26
432 433 8
433 434 31
434 435 19
435 436 12
436 437 42
437 438 29
438 439 33
439 440 8
440 441 14
441 442 49
442 443 28
443 444 48
444 445 13
445 446 20
446 447 4
447 448 38
448 449 22
449 450 2
450 451 41
451 452 1
452 453 30
453 454 16
454 455 39
455 456 38
456 457 43
457 458 12
458 459 14
459 460 11
460 461 17
461 462 45
462 463 16
463 464 35
464 465 29
465 466 6
466 467 2
467 468 13
468 469 18
469 470 34
470 471 20
471 472 14
472 473 6
473 474 3
474 475 47
475 476 29
476 477 17
477 478 32
478 479 13
479 480 15
480 481 2
481 482 49
482 483 16
483 484 1
484 485 15
485 486 28
486 487 11
487 488 23
488 489 48
489 490 11
490 491 39
491 492 47
492 493 35
493 494 12
494 495 49
495 496 15
496 497 23
497 498 35
498 499 21
499 500 44
500 501 43
501 502 24
502 503 35
503 504 41
504 505 26
505 506 20
506 507 45
507 508 43
508 509 34
509 510 36
510 511 7
511 512 25
512 513 35
513 514 45
514 515 42
515 516 22
516 517 13
517 518 33
518 519 8
519 520 17
520 521 6
521 522 3
522 523 43
523 524 20
524 525 30
525 526 27
526 527 18
527 528 16
528 529 41
529 530 4
530 531 5
531 532 14
532 533 33
533 534 3
534 535 3
535 536 36
536 537 23
537 538 23
538 539 28
539 540 33
540 541 1
541 542 25
542 543 15
543 544 16
544 545 27
545 546 45
546 547 36
547 548 42
548 549 39
549 550 42
550 551 42
551 552 41
552 553 35
553 554 19
554 555 47
555 556 16
556 557 31
557 558 19
558 559 13
559 560 38
560 561 41
561 562 34
562 563 24
563 564 33
564 565 15
565 566 42
566 567 15
567 568 40
568 569 20
569 570 10
570 571 49
571 572 49
572 573 20
573 574 48
574 575 26
575 576 2
576 577 23
577 578 17
578 579 29
579 580 30
580 581 12
581 582 46
582 583 35
583 584 37
584 585 20
585 586 44
586 587 20
587 588 27
588 589 19
589 590 9
590 591 3
591 592 20
592 593 10
593 594 2
594 595 32
595 596 44
596 597 3
597 598 14
598 599 13
599 600 30
600 601 16
601 602 10
602 603 15
603 604 49
604 605 19
605 606 4
606 607 45
607 608 8
608 609 45
609 610 36
610 611 45
611 612 26
612 613 13
613 614 39
614 615 23
615 616 14
616 617 18
617 618 22
618 619 35
619 620 19
620 621 3
621 622 40
622 623 5
623 624 19
624 625 21
625 626 32
626 627 37
627 628 24
628 629 10
629 630 29
630 631 7
631 632 46
632 633 40
633 634 46
634 635 23
635 636 31
636 637 39
637 638 15
638 639 30
639 640 21
640 641 45
641 642 37
642 643 7
643 644 31
644 645 32
645 646 35
646 647 22
647 648 5
648 649 29
649 650 36
650 651 8
651 652 40
652 653 29
653 654 1
654 655 14
655 656 27
656 657 49
657 658 7
658 659 31
659 660 34
660 661 43
661 662 12
662 663 24
663 664 17
664 665 40
665 666 20
666 667 30
667 668 33
668 669 24
669 670 34
670 671 4
671 672 13
672 673 14
673 674 46
674 675 1
675 676 16
676 677 33
677 678 2
678 679 38
679 680 36
680 681 46
681 682 19
682 683 44
683 684 33
684 685 18
685 686 30
686 687 47
687 688 18
688 689 35
689 690 30
690 691 24
691 692 42
692 693 26
693 694 2
694 695 43
695 696 16
696 697 20
697 698 24
698 699 1
699 700 2
700 701 46
701 702 42
702 703 33
703 704 31
704 705 46
705 706 17
706 707 7
707 708 16
708 709 5
709 710 45
710 711 14
711 712 6
712 713 26
713 714 32
714 715 9
715 716 4
716 717 27
717 718 48
718 719 41
719 720 27
720 721 1
721 722 33
722 723 45
723 724 42
724 725 15
725 726 1
726 727 15
727 728 44
728 729 14
729 730 29
730 731 41
731 732 2
732 733 7
733 734 22
734 735 38
735 736 46
736 737 47
737 738 16
738 739 4
739 740 23
740 741 17
741 742 20
742 743 17
743 744 38
744 745 41
745 746 17
746 747 2
747 748 6
748 749 28
749 750 32
750 751 35
751 752 2
752 753 49
753 754 8
754 755 28
755 756 21
756 757 19
757 758 38
758 759 18
759 760 12
760 761 14
761 762 11
762 763 38
763 764 9
764 765 37
765 766 29
766 767 18
767 768 31
768 769 45
769 770 10
770 771 7
771 772 1
772 773 39
773 774 20
774 775 2
775 776 17
776 777 39
777 778 16
778 779 9
779 780 7
780 781 21
781 782 45
782 783 1
783 784 37
784 785 35
785 786 48
786 787 40
787 788 37
788 789 44
789 790 34
790 791 37
791 792 47
792 793 12
793 794 46
794 795 10
795 796 36
796 797 1
797 798 23
798 799 5
799 800 41
800 801 40
801 802 46
802 803 29
803 804 12
804 805 29
805 806 47
806 807 38
807 808 35
808 809 11
809 810 37
810 811 20
811 812 8
812 813 10
813 814 21
814 815 1
815 816 25
816 817 46
817 818 1
818 819 12
819 820 46
820 821 4
821 822 6
822 823 49
823 824 18
824 825 22
825 826 13
826 827 38
827 828 46
828 829 33
829 830 25
830 831 9
831 832 47
832 833 45
833 834 19
834 835 14
835 836 20
836 837 49
837 838 23
838 839 28
839 840 43
840 841 22
841 842 27
842 843 37
843 844 40
844 845 18
845 846 26
846 847 37
847 848 47
848 849 22
849 850 30
850 851 33
851 852 14
852 853 45
853 854 6
854 855 38
855 856 43
856 857 6
857 858 41
858 859 22
859 860 45
860 861 49
861 862 2
862 863 14
863 864 1
864 865 11
865 866 9
866 867 35
867 868 47
868 869 40
869 870 45
870 871 24
871 872 46
872 873 35
873 874 41
874 875 16
875 876 37
876 877 30
877 878 18
878 879 23
879 880 17
880 881 27
881 882 45
882 883 4
883 884 30
884 885 12
885 886 38
886 887 7
887 888 17
888 889 35
889 890 1
890 891 8
891 892 14
892 893 7
893 894 14
894 895 22
895 896 41
896 897 11
897 898 1
898 899 44
899 900 16
900 901 10
901 902 37
902 903 29
903 904 24
904 905 23
905 906 42
906 907 26
907 908 27
908 909 10
909 910 30
910 911 31
911 912 27
912 913 31
913 914 49
914 915 7
915 916 24
916 917 13
917 918 38
918 919 33
919 920 4
920 921 47
921 922 43
922 923 15
923 924 15
924 925 43
925 926 19
926 927 26
927 928 14
928 929 39
929 930 20
930 931 7
931 932 21
932 933 12
933 934 23
934 935 5
935 936 5
936 937 11
937 938 30
938 939 8
939 940 6
940 941 25
941 942 7
942 943 3
943 944 38
944 945 31
945 946 7
946 947 30
947 948 45
948 949 7
949 950 37
950 951 11
951 952 18
952 953 4
953 954 30
954 955 1
955 956 12
956 957 18
957 958 24
958 959 49
959 960 43
960 961 35
961 962 13
962 963 30
963 964 33
964 965 22
965 966 37
966 967 6
967 968 9
968 969 18
969 970 11
970 971 21
971 972 21
972 973 37
973 974 25
974 975 14
975 976 39
976 977 1
977 978 28
978 979 41
979 980 10
980 981 30
981 982 34
982 983 48
983 984 13
984 985 47
985 986 20
986 987 1
987 988 3
988 989 13
989 990 4
990 991 44
991 992 15
992 993 42
993 994 40
994 995 39
995 996 8
996 997 17
997 998 44
998 999 4
999 0 25
0 696 11
1 312 44
2 976 10
3 815 13
4 460 37
5 162 40
6 686 3
7 147 14
8 828 18
9 868 40
10 539 33
11 892 13
12 444 26
13 543 8
14 660 7
15 790 5
16 245 42
17 793 26
18 511 39
19 696 30
20 598 6
21 740 10
22 205 33
23 947 24
24 318 49
25 117 3
26 793 22
27 279 11
28 371 20
29 124 14
30 281 48
31 405 4
32 313 4
33 524 35
34 715 22
35 952 18
36 0 13
37 65 36
38 965 44
39 743 13
40 198 26
41 798 49
42 369 4
43 322 9
44 830 17
45 138 46
46 250 10
47 264 33
48 530 8
49 699 42
50 205 30
51 583 3
52 785 15
53 435 6
54 783 46
55 68 5
56 175 41
57 345 9
58 16 19
59 246 34
60 592 10
61 528 33
62 539 1
63 355 4
64 188 38
65 785 14
66 843 3
67 348 33
68 520 44
69 984 20
70 661 23
71 744 18
72 758 37
73 411 18
74 265 37
75 807 41
76 704 26
77 311 48
78 74 2
79 10 12
80 296 17
81 526 34
82 534 26
83 888 11
84 450 49
85 866 41
86 856 20
87 525 1
88 376 2
89 846 26
90 631 47
91 116 8
92 388 26
93 602 45
94 670 17
95 325 23
96 513 44
97 299 12
98 844 29
99 165 37
100 97 31
101 666 36
102 211 44
103 975 41
104 435 44
105 517 28
106 966 27
107 875 27
108 907 20
109 757 38
110 747 29
111 205 30
112 639 16
113 960 30
114 706 28
115 214 32
116 205 17
117 551 8
118 254 12
119 909 5
120 11 44
121 519 35
122 970 28
123 761 27
124 331 41
125 965 24
126 353 5
127 673 26
128 932 42
129 584 43
130 758 40
131 197 40
132 235 41
133 910 48
134 160 41
135 177 31
136 860 36
137 535 9
138 22 2
139 539 12
140 752 14
141 531 2
142 174 27
143 673 41
144 821 46
145 222 34
146 487 14
147 829 8
148 206 14
149 437 20
150 89 23
151 871 31
152 271 47
153 52 47
154 508 36
155 679 15
156 904 21
157 128 30
158 388 34
159 274 15
160 565 31
161 652 8
162 208 5
163 707 5
164 163 36
165 664 39
166 297 43
167 191 12
168 287 17
169 778 20
170 456 42
171 724 25
172 962 44
173 453 6
174 134 17
175 281 46
176 347 7
177 802 27
178 375 45
179 638 32
180 585 10
181 195 30
182 885 19
183 327 40
184 455 26
185 212 24
186 914 37
187 727 39
188 362 43
189 774 1
190 616 2
191 983 29
192 202 28
193 490 30
194 171 7
195 535 7
196 728 41
197 184 31
198 177 9
199 617 9
200 431 30
201 321 46
202 350 43
203 495 8
204 688 34
205 224 14
206 221 37
207 352 6
208 849 43
209 775 24
210 655 6
211 802 26
212 555 6
213 184 36
214 46 35
215 93 36
216 454 40
217 155 34
218 729 34
219 609 20
220 612 39
221 59 9
222 483 13
223 280 26
224 503 40
225 131 41
226 451 30
227 725 28
228 759 45
229 54 3
230 515 15
231 106 29
232 786 23
233 680 9
234 372 40
235 840 36
236 72 1
237 806 33
238 613 16
239 462 22
240 92 27
241 750 44
242 397 18
243 686 30
244 768 8
245 852 2
246 615 41
247 727 43
248 122 42
249 160 40
250 232 14
251 294 32
252 988 44
253 703 12
254 977 33
255 823 40
256 326 39
257 335 4
258 735 22
259 611 40
260 521 49
261 977 36
262 548 6
263 789 42
264 239 25
265 75 21
266 289 16
267 437 19
268 467 26
269 254 45
270 821 24
271 585 31
272 612 36
273 95 48
274 582 27
275 905 1
276 172 23
277 711 29
278 610 17
279 312 34
280 991 37
281 873 37
282 24 44
283 563 15
284 378 49
285 949 44
286 727 38
287 844 20
288 335 1
289 210 14
290 449 9
291 241 9
292 976 19
293 338 48
294 54 47
295 859 6
296 67 30
297 657 44
298 917 32
299 47 14
300 255 36
301 596 15
302 919 23
303 626 9
304 758 22
305 313 43
306 434 24
307 807 14
308 483 40
309 239 31
310 55 16
311 511 19
312 839 39
313 576 28
314 253 9
315 352 9
316 688 42
317 998 46
318 973 7
319 976 35
320 151 27
321 85 33
322 490 8
323 758 6
324 457 32
325 678 49
326 237 4
327 128 38
328 349 26
329 134 30
330 21 48
331 902 7
332 477 32
333 134 4
334 268 33
335 681 10
336 366 32
337 159 11
338 614 19
339 279 10
340 156 35
341 835 19
342 646 38
343 120 20
344 984 28
345 368 12
346 249 29
347 827 4
348 267 33
349 236 36
350 463 14
351 303 49
352 76 39
353 142 28
354 580 31
355 208 32
356 116 48
357 607 33
358 982 34
359 810 44
360 694 7
361 87 42
362 554 13
363 385 37
364 388 4
365 61 11
366 982 1
367 390 41
368 460 31
369 849 37
370 128 17
371 930 45
372 166 4
373 722 33
374 982 48
375 90 36
376 286 20
377 219 41
378 962 6
379 545 26
380 936 45
381 995 45
382 778 2
383 69 3
384 945 41
385 155 36
386 786 20
387 988 45
388 359 38
389 621 25
390 69 6
391 642 19
392 647 6
393 534 17
394 204 30
395 612 18
396 266 18
397 807 29
398 965 10
399 562 21
400 843 27
401 264 24
402 101 46
403 618 20
404 972 20
405 258 20
406 10 17
407 712 40
408 102 48
409 896 18
410 849 48
411 998 28
412 151 5
413 859 48
414 324 2
415 181 39
416 569 21
417 576 15
418 664 15
419 971 40
420 850 33
421 497 16
422 897 20
423 7 4
424 526 49
425 21 47
426 445 6
427 186 3
428 260 47
429 367 22
430 920 5
431 167 41
432 776 18
433 170 11
434 236 18
435 162 27
436 781 20
437 335 10
438 396 42
439 142 13
440 812 4
441 302 37
442 714 49
443 204 48
444 894 49
445 679 47
446 425 29
447 320 46
448 523 41
449 259 4
450 375 27
451 69 17
452 664 39
453 943 2
454 608 21
455 405 46
456 897 46
457 148 45
458 412 25
459 596 35
460 190 33
461 497 13
462 100 35
463 256 13
464 384 36
465 950 22
466 702 25
467 386 30
468 91 6
469 532 1
470 782 22
471 293 40
472 307 8
473 928 21
474 929 11
475 822 43
476 292 12
477 914 32
478 604 18
479 557 29
480 321 20
481 458 2
482 137 21
483 408 5
484 907 2
485 952 33
486 502 1
487 658 19
488 420 40
489 457 34
490 193 8
491 912 41
492 376 44
493 597 48
494 677 41
495 589 45
496 282 35
497 524 46
498 364 38
499 33 10
500 36 26
501 559 32
502 823 39
503 687 17
504 150 4
505 890 21
506 354 31
507 874 20
508 819 24
509 86 17
510 822 14
511 135 36
512 67 49
513 603 26
514 947 6
515 665 2
516 545 2
517 422 39
518 139 16
519 24 34
520 226 4
521 416 41
522 479 31
523 576 8
524 487 12
525 847 47
526 420 26
527 263 20
528 163 2
529 144 42
530 790 6
531 352 3
532 201 32
533 820 47
534 415 40
535 107 39
536 787 18
537 693 35
538 666 36
539 120 7
540 680 32
541 219 3
542 699 2
543 84 12
544 590 32
545 163 48
546 837 41
547 978 40
548 193 22
549 578 6
550 199 23
551 167 28
552 948 47
553 994 44
554 835 14
555 859 20
556 844 1
557 923 1
558 145 47
559 130 19
560 68 18
561 460 41
562 484 45
563 196 7
564 470 20
565 983 41
566 480 7
567 219 42
568 415 21
569 902 40
570 253 2
571 288 48
572 894 19
573 972 42
574 801 12
575 728 36
576 497 41
577 144 37
578 958 25
579 685 9
580 135 43
581 952 17
582 980 28
583 524 44
584 721 6
585 429 29
586 314 42
587 867 22
588 623 33
589 870 7
590 255 3
591 540 46
592 685 17
593 335 1
594 940 42
595 338 21
596 77 5
597 145 3
598 265 9
599 559 21
600 608 22
601 970 46
602 335 23
603 734 28
604 84 19
605 216 13
606 562 45
607 244 35
608 671 18
609 897 26
610 214 48
611 468 35
612 720 2
613 575 36
614 656 48
615 819 14
616 851 7
617 123 29
618 844 7
619 169 38
620 94 30
621 129 27
622 650 45
623 464 34
624 996 33
625 171 26
626 50 44
627 983 12
628 92 26
629 843 3
630 304 10
631 43 41
632 623 16
633 676 24
634 989 42
635 413 25
636 748 36
637 99 18
638 206 8
639 177 25
640 637 19
641 733 41
642 327 17
643 584 37
644 681 43
645 410 13
646 519 32
647 521 6
648 748 35
649 953 15
650 99 32
651 303 12
652 247 13
653 5 13
654 818 13
655 296 13
656 29 6
657 629 37
658 378 39
659 981 19
660 189 42
661 128 23
662 376 36
663 302 41
664 768 41
665 441 24
666 113 4
667 433 20
668 697 47
669 113 20
670 467 14
671 784 47
672 591 48
673 150 42
674 846 21
675 653 24
676 799 44
677 260 28
678 665 14
679 171 7
680 863 13
681 398 22
682 365 38
683 176 10
684 727 19
685 486 18
686 222 12
687 365 2
688 93 43
689 172 41
690 380 36
691 42 45
692 845 1
693 588 31
694 37 27
695 686 31
696 289 17
697 650 10
698 491 46
699 238 18
700 651 39
701 42 37
702 683 25
703 302 27
704 455 32
705 712 47
706 349 23
707 264 26
708 518 12
709 151 37
710 984 42
711 161 32
712 459 29
713 475 1
714 721 24
715 871 36
716 306 32
717 665 35
718 489 43
719 94 40
720 847 45
721 894 26
722 262 47
723 978 40
724 679 38
725 232 45
726 484 42
727 923 49
728 100 48
729 590 3
730 921 34
731 160 35
732 636 21
733 113 44
734 190 15
735 826 46
736 540 7
737 622 36
738 766 10
739 107 4
740 646 37
741 636 16
742 316 49
743 293 30
744 595 2
745 951 15
746 649 10
747 496 2
748 471 13
749 346 27
750 136 32
751 227 9
752 989 30
753 320 32
754 927 43
755 847 30
756 635 47
757 292 3
758 675 36
759 908 38
760 771 49
761 47 48
762 539 24
763 311 25
764 565 46
765 561 47
766 473 19
767 271 13
768 366 35
769 984 31
770 389 40
771 106 42
772 808 35
773 850 33
774 878 28
775 366 30
776 944 30
777 423 26
778 69 16
779 541 11
780 578 45
781 580 20
782 578 28
783 590 27
784 966 20
785 255 1
786 833 4
787 756 6
788 679 4
789 16 26
790 600 20
791 286 34
792 105 8
793 55 44
794 567 23
795 949 15
796 716 9
797 219 11
798 991 21
799 270 49
800 536 10
801 81 35
802 275 6
803 224 1
804 203 49
805 429 2
806 31 23
807 650 2
808 341 49
809 972 44
810 54 2
811 175 20
812 351 27
813 243 40
814 696 15
815 965 31
816 701 6
817 669 37
818 876 39
819 705 38
820 763 25
821 973 25
822 585 23
823 872 5
824 964 6
825 324 20
826 324 23
827 709 24
828 634 47
829 705 24
830 815 26
831 996 28
832 209 41
833 171 39
834 0 30
835 81 28
836 969 18
837 648 26
838 189 34
839 482 40
840 638 8
841 307 36
842 326 49
843 607 28
844 377 20
845 16 29
846 138 35
847 509 1
848 811 3
849 355 48
850 360 33
851 882 11
852 773 8
853 31 30
854 602 6
855 904 16
856 912 18
857 769 3
858 681 2
859 754 46
860 187 28
861 694 16
862 547 41
863 290 47
864 164 40
865 17 22
866 59 12
867 118 23
868 116 8
869 486 33
870 638 35
871 187 24
872 377 16
873 875 37
874 595 27
875 349 13
876 489 49
877 509 18
878 950 24
879 993 17
880 89 46
881 686 48
882 37 44
883 865 35
884 99 15
885 740 43
886 190 24
887 75 48
888 188 33
889 119 16
890 471 47
891 116 26
892 936 8
893 443 48
894 910 47
895 26 20
896 630 16
897 122 33
898 117 44
899 754 17
900 325 12
901 339 41
902 120 12
903 439 34
904 301 13
905 144 17
906 65 27
907 794 22
908 519 5
909 335 3
910 826 49
911 640 21
912 762 1
913 950 49
914 530 42
915 783 40
916 174 36
917 433 2
918 819 37
919 432 21
920 376 19
921 64 7
922 213 45
923 624 47
924 606 20
925 373 32
926 662 3
927 737 11
928 111 14
929 388 25
930 656 12
931 15 13
932 188 8
933 73 19
934 653 2
935 871 6
936 453 3
937 33 6
938 296 28
939 722 20
940 686 17
941 710 20
942 798 43
943 541 1
944 278 1
945 239 49
946 564 16
947 388 7
948 818 28
949 724 37
950 200 1
951 624 34
952 906 47
953 915 43
954 177 1
955 984 30
956 229 32
957 506 3
958 908 22
959 560 7
960 295 7
961 744 31
962 531 26
963 309 16
964 402 25
965 694 20
966 735 34
967 606 41
968 667 35
969 942 42
970 648 18
971 911 19
972 111 46
973 660 28
974 88 21
975 134 46
976 262 47
977 189 47
978 272 8
979 325 10
980 465 30
981 978 30
982 854 42
983 362 46
984 346 45
985 328 43
986 31 28
987 796 12
988 178 18
989 231 11
990 223 25
991 678 15
992 17 25
993 343 40
994 845 25
995 166 36
996 916 12
997 572 19
998 436 36
999 401 31
