100
1000
0 1 500.8079
0 4 500.0472
0 9 500.1389
0 21 500.117
0 22 0.1989
0 23 0.0187
0 27 0.7558
0 30 0.4305
0 42 0.6021
0 49 0.3664
0 50 0.766
0 58 0.167
0 66 0.8745
0 67 0.5557
0 68 0.1343
0 81 0.0333
0 89 0.8494
0 95 0.2316
0 99 0.5652
1 5 0.7167
1 15 0.351
1 26 0.1314
1 31 0.8152
1 35 0.991
1 39 0.9028
1 45 0.4673
1 52 0.4668
1 69 0.1285
1 76 0.4166
1 78 0.4496
1 89 0.1238
1 94 0.1622
2 3 0.8082
2 13 0.421
2 23 0.1665
2 25 0.361
2 28 0.2004
2 30 0.692
2 37 0.6242
2 40 0.3732
2 52 0.9421
2 56 0.6326
2 65 0.9027
2 75 0.2265
2 78 0.87
2 79 0.2173
2 80 0.5245
2 87 0.4024
2 89 0.7879
2 91 0.4482
2 94 0.1706
2 97 0.7085
2 98 0.1615
3 4 0.9245
3 15 0.0156
3 16 0.0152
3 19 0.7404
3 29 0.9676
3 35 0.063
3 37 0.3736
3 46 0.2954
3 48 0.206
3 50 0.0328
3 58 0.631
3 68 0.2919
3 71 0.9503
3 72 0.4355
3 73 0.4608
3 75 0.6933
3 77 0.0843
3 78 0.7749
3 85 0.1339
3 89 0.3563
3 90 0.494
3 99 0.4932
4 19 0.8362
4 22 0.4656
4 26 0.5374
4 28 0.933
4 30 0.0891
4 40 0.6064
4 44 0.8681
4 48 0.1003
4 53 0.734
4 65 0.5766
4 72 0.9633
4 73 0.4071
4 86 0.6028
4 87 0.3817
4 95 0.193
4 97 0.371
5 8 0.77
5 11 0.0787
5 16 0.867
5 19 0.8584
5 23 0.0485
5 29 0.5683
5 35 0.0013
5 44 0.2855
5 60 0.318
5 69 0.2045
5 70 0.3238
5 71 0.7148
5 78 0.6954
5 82 0.9657
5 85 0.0843
5 87 0.0514
5 89 0.8346
5 92 0.0778
5 93 0.3944
5 96 0.0136
5 97 0.155
6 10 0.7614
6 13 0.4806
6 16 0.0301
6 23 0.8354
6 30 0.1267
6 32 0.0243
6 35 0.5834
6 37 0.9668
6 46 0.327
6 48 0.2531
6 53 0.7913
6 59 0.8879
6 68 0.4442
6 69 0.4698
6 80 0.0175
6 86 0.1518
6 88 0.4925
6 95 0.4798
7 14 0.8846
7 19 0.2029
7 20 0.1594
7 24 0.8107
7 34 0.0117
7 36 0.5046
7 44 0.0802
7 51 0.4509
7 56 0.401
7 57 0.0593
7 58 0.6275
7 61 0.3163
7 68 0.7352
7 75 0.8985
7 77 0.2502
7 79 0.9526
7 85 0.2449
7 87 0.872
7 92 0.8675
7 93 0.0666
7 97 0.9984
8 9 0.6537
8 11 0.4361
8 13 0.0116
8 14 0.7584
8 16 0.2833
8 24 0.7925
8 32 0.8371
8 38 0.5983
8 55 0.0393
8 57 0.6312
8 59 0.0727
8 63 0.498
8 66 0.7821
8 67 0.199
8 83 0.4075
8 88 0.7565
8 95 0.2103
9 18 0.799
9 20 0.9364
9 22 0.4998
9 29 0.9988
9 30 0.4468
9 31 0.084
9 42 0.1056
9 66 0.3991
9 82 0.8845
9 84 0.715
9 85 0.1419
9 86 0.3323
9 88 0.2678
9 89 0.162
9 90 0.0162
9 98 0.5568
10 14 0.202
10 22 0.8667
10 24 0.6806
10 42 0.3688
10 44 0.6883
10 46 0.4532
10 54 0.237
10 58 0.4533
10 62 0.4284
10 63 0.8777
10 64 0.7824
10 66 0.7381
10 81 0.6336
10 82 0.4566
10 85 0.3484
10 87 0.2258
10 89 0.9818
11 16 0.6574
11 24 0.5406
11 32 0.6006
11 35 0.797
11 36 0.5229
11 47 0.0339
11 51 0.9831
11 52 0.5276
11 53 0.5119
11 54 0.5739
11 59 0.3271
11 60 0.2454
11 61 0.7376
11 65 0.7163
11 70 0.3581
11 74 0.9676
11 82 0.1928
11 90 0.9163
11 91 0.5384
11 93 0.0868
11 96 0.7552
12 21 0.7519
12 23 0.4851
12 44 0.3289
12 45 0.9315
12 46 0.9468
12 49 0.1522
12 50 0.6996
12 52 0.6198
12 56 0.5865
12 60 0.7242
12 75 0.0296
12 80 0.0548
13 15 0.3342
13 17 0.6706
13 21 0.4281
13 22 0.1742
13 23 0.5138
13 34 0.1468
13 37 0.2954
13 42 0.1538
13 46 0.663
13 54 0.0224
13 68 0.5239
13 73 0.3968
13 81 0.2174
13 84 0.9221
13 87 0.5392
14 18 0.6177
14 20 0.5475
14 27 0.8039
14 31 0.9317
14 46 0.0292
14 51 0.2198
14 55 0.6295
14 59 0.123
14 65 0.3115
14 67 0.6615
14 75 0.2217
14 76 0.8367
14 89 0.711
14 90 0.9109
14 92 0.7431
14 93 0.647
14 95 0.4395
14 97 0.9514
15 23 0.5733
15 28 0.1195
15 34 0.773
15 40 0.0935
15 41 0.9267
15 42 0.6301
15 49 0.1171
15 50 0.7375
15 51 0.1428
15 53 0.5296
15 61 0.8541
15 62 0.0332
15 69 0.9447
15 75 0.2325
15 81 0.3386
15 87 0.0658
15 93 0.7798
16 30 0.0988
16 31 0.2252
16 34 0.4674
16 35 0.9066
16 39 0.6549
16 40 0.9356
16 53 0.633
16 57 0.7329
16 64 0.0586
16 72 0.2405
16 74 0.7271
16 80 0.86
16 83 0.0176
16 88 0.9392
16 97 0.3057
17 23 0.0117
17 27 0.2649
17 33 0.7158
17 34 0.5124
17 39 0.9688
17 47 0.221
17 52 0.6432
17 56 0.9401
17 60 0.8606
17 62 0.7955
17 63 0.8728
17 65 0.526
17 66 0.529
17 68 0.8674
17 71 0.7462
17 77 0.9596
17 90 0.8343
17 96 0.2602
17 98 0.9405
18 20 0.6937
18 21 0.235
18 29 0.279
18 33 0.9469
18 42 0.485
18 43 0.9195
18 44 0.1891
18 46 0.3365
18 52 0.2436
18 53 0.6003
18 61 0.0005
18 65 0.1857
18 70 0.6912
18 83 0.243
18 85 0.7726
19 20 0.3064
19 24 0.2043
19 29 0.9027
19 48 0.9179
19 57 0.0573
19 69 0.2609
19 70 0.4149
19 72 0.228
19 75 0.3737
19 76 0.147
19 77 0.9213
19 89 0.2122
19 91 0.5128
20 22 0.8954
20 29 0.526
20 39 0.3278
20 40 0.0224
20 41 0.9419
20 42 0.215
20 44 0.996
20 47 0.1
20 60 0.1132
20 63 0.9205
20 64 0.842
20 70 0.8717
20 73 0.0038
20 79 0.1433
20 80 0.1262
20 88 0.283
20 99 0.0784
21 23 0.3917
21 26 0.3551
21 31 0.337
21 35 0.2091
21 40 0.3807
21 46 0.6431
21 50 0.1853
21 51 0.6062
21 52 0.3322
21 53 0.6133
21 56 0.0341
21 59 0.4694
21 60 0.9889
21 61 0.3229
21 68 0.8186
21 81 0.578
21 84 0.2405
21 90 0.992
21 91 0.5436
21 96 0.1129
21 98 0.565
22 25 0.3456
22 29 0.4168
22 30 0.4168
22 31 0.8914
22 35 0.7265
22 36 0.3447
22 40 0.0965
22 52 0.5666
22 59 0.9466
22 60 0.3915
22 68 0.7591
22 73 0.0683
22 75 0.4913
22 82 0.1913
23 32 0.7909
23 37 0.246
23 39 0.941
23 51 0.6199
23 55 0.7482
23 68 0.0496
23 75 0.2994
23 84 0.4711
23 85 0.6744
23 86 0.7206
23 87 0.9297
23 97 0.3975
23 98 0.6195
24 31 0.8876
24 34 0.4735
24 36 0.706
24 47 0.5086
24 52 0.3158
24 56 0.1276
24 62 0.5157
24 63 0.5481
24 71 0.9753
24 72 0.4533
24 78 0.3244
24 91 0.3209
24 95 0.1936
25 28 0.4547
25 36 0.297
25 39 0.1999
25 45 0.8395
25 46 0.372
25 47 0.5762
25 52 0.9592
25 56 0.1862
25 58 0.6465
25 59 0.4062
25 66 0.7315
25 70 0.4295
25 73 0.3706
25 81 0.4137
25 83 0.4517
25 84 0.599
25 85 0.1595
25 91 0.6683
26 27 0.5484
26 43 0.4365
26 45 0.4223
26 47 0.3715
26 50 0.1492
26 53 0.1873
26 54 0.8266
26 55 0.0441
26 58 0.9539
26 61 0.6546
26 63 0.714
26 64 0.9416
26 68 0.2488
26 70 0.0458
26 84 0.5595
26 87 0.5607
26 98 0.7895
27 36 0.2578
27 40 0.9737
27 52 0.0304
27 55 0.7935
27 69 0.1424
27 76 0.2193
27 77 0.3581
27 79 0.3277
27 89 0.1043
27 93 0.8902
27 98 0.1853
27 99 0.7563
28 30 0.3503
28 34 0.7161
28 45 0.3483
28 56 0.0998
28 67 0.5776
28 68 0.9203
28 69 0.9231
28 71 0.8428
28 80 0.8019
28 83 0.1025
28 88 0.4593
28 89 0.3468
28 90 0.2682
28 97 0.9219
29 33 0.6063
29 35 0.2646
29 38 0.5295
29 48 0.0393
29 52 0.4434
29 53 0.3706
29 56 0.3789
29 61 0.2534
29 71 0.9927
29 81 0.2723
29 83 0.6291
29 87 0.8427
30 42 0.0686
30 53 0.5168
30 57 0.1621
30 62 0.2811
30 65 0.4559
30 68 0.1589
30 69 0.1894
30 80 0.889
30 85 0.8677
30 87 0.6938
30 90 0.4803
30 91 0.1027
30 96 0.8237
31 35 0.86
31 41 0.0862
31 47 0.6151
31 51 0.1765
31 57 0.029
31 63 0.6137
31 64 0.3102
31 71 0.8078
31 89 0.1371
31 91 0.9037
31 94 0.6987
31 96 0.6372
31 98 0.0479
32 36 0.9425
32 38 0.2605
32 39 0.037
32 40 0.3586
32 42 0.3691
32 45 0.6592
32 48 0.8235
32 49 0.7809
32 53 0.831
32 54 0.0623
32 63 0.0339
32 69 0.8143
32 72 0.2709
32 81 0.6312
32 90 0.8735
32 97 0.7584
33 36 0.9438
33 37 0.719
33 39 0.8091
33 41 0.4594
33 44 0.5292
33 55 0.5377
33 59 0.8498
33 60 0.3873
33 65 0.5307
33 68 0.6529
33 74 0.4487
33 91 0.0179
33 92 0.2228
33 96 0.0643
33 97 0.3688
34 38 0.9032
34 43 0.0984
34 45 0.199
34 60 0.3095
34 65 0.2115
34 67 0.8849
34 83 0.3686
34 86 0.3257
34 93 0.1005
34 97 0.0783
35 39 0.632
35 43 0.9607
35 49 0.1454
35 50 0.2199
35 51 0.4435
35 69 0.423
35 73 0.3327
35 76 0.3328
35 84 0.0882
35 89 0.5832
35 90 0.8969
35 91 0.4004
35 95 0.9459
36 44 0.8625
36 46 0.3567
36 49 0.1616
36 51 0.6012
36 54 0.4816
36 57 0.2379
36 87 0.2732
37 39 0.9149
37 44 0.9048
37 54 0.6572
37 59 0.6675
37 66 0.0122
37 75 0.2632
37 84 0.9652
37 90 0.0927
37 94 0.7377
38 40 0.1282
38 46 0.2991
38 48 0.1216
38 54 0.266
38 59 0.36
38 61 0.3526
38 79 0.3287
38 82 0.1922
38 90 0.2176
38 94 0.0297
38 96 0.4085
38 99 0.4276
39 47 0.2703
39 48 0.8397
39 59 0.624
39 65 0.6337
39 69 0.0132
39 71 0.2041
39 73 0.4908
39 80 0.3633
39 81 0.3018
39 88 0.6875
39 91 0.8219
39 93 0.9105
39 96 0.0772
40 49 0.8327
40 50 0.0841
40 62 0.8291
40 63 0.045
40 65 0.0021
40 67 0.5889
40 72 0.0364
40 80 0.3588
40 82 0.8315
40 91 0.1743
40 96 0.8274
40 98 0.3364
41 45 0.9155
41 46 0.6969
41 47 0.6967
41 50 0.0337
41 51 0.3236
41 69 0.3237
41 73 0.3579
41 74 0.779
41 93 0.2353
41 98 0.9072
42 51 0.0231
42 52 0.3654
42 59 0.7396
42 61 0.5837
42 62 0.283
42 67 0.8259
42 70 0.6224
42 77 0.4038
42 80 0.9043
42 81 0.3018
42 86 0.003
42 90 0.2538
42 94 0.7691
42 95 0.4194
43 52 0.4592
43 53 0.8475
43 55 0.7418
43 58 0.2016
43 59 0.6009
43 66 0.147
43 81 0.2743
43 83 0.0586
43 92 0.5998
43 93 0.5296
43 95 0.127
43 96 0.5236
44 45 0.992
44 47 0.5851
44 48 0.6237
44 54 0.4992
44 61 0.0764
44 62 0.4175
44 65 0.3623
44 71 0.2943
44 74 0.8428
44 75 0.109
44 76 0.7146
44 91 0.108
44 94 0.6125
44 98 0.7253
45 57 0.9782
45 60 0.0847
45 63 0.5391
45 67 0.4984
45 79 0.8723
45 80 0.1469
45 84 0.318
45 95 0.0915
45 97 0.5176
46 48 0.9687
46 52 0.1926
46 58 0.508
46 59 0.4587
46 62 0.3662
46 63 0.3296
46 67 0.4356
46 77 0.1657
46 78 0.2648
46 80 0.0804
46 85 0.2842
46 88 0.1588
46 89 0.6118
46 91 0.1818
46 96 0.5007
46 97 0.4974
47 48 0.0608
47 55 0.4594
47 59 0.9542
47 61 0.349
47 65 0.5339
47 67 0.8742
47 77 0.7384
47 90 0.4113
47 92 0.0499
47 94 0.3449
48 49 0.319
48 59 0.8185
48 61 0.7646
48 64 0.4056
48 69 0.9722
48 71 0.7157
48 77 0.175
48 82 0.4045
48 91 0.5921
48 95 0.2449
49 55 0.3715
49 56 0.4266
49 57 0.6465
49 66 0.2818
49 67 0.1452
49 68 0.9628
49 69 0.0844
49 74 0.5505
49 84 0.3768
49 89 0.3571
49 91 0.7398
50 55 0.7832
50 59 0.4247
50 60 0.0902
50 62 0.4787
50 64 0.5301
50 75 0.9964
50 79 0.3029
50 83 0.1482
50 95 0.1223
51 54 0.4953
51 62 0.8551
51 63 0.7373
51 67 0.4094
51 68 0.5585
51 69 0.7435
51 71 0.6092
51 73 0.9446
51 79 0.7808
51 80 0.122
51 81 0.3579
51 90 0.4476
51 97 0.3392
52 57 0.1709
52 62 0.7594
52 67 0.2536
52 69 0.5643
52 74 0.3226
52 80 0.1649
52 82 0.9042
52 84 0.9675
52 87 0.0449
52 89 0.9083
52 90 0.3172
52 94 0.9802
52 97 0.2657
53 57 0.0103
53 59 0.377
53 65 0.657
53 68 0.9174
53 70 0.9183
53 77 0.7481
53 82 0.9407
53 89 0.9628
53 92 0.7189
53 94 0.2333
53 96 0.9258
53 99 0.923
54 56 0.6841
54 58 0.0339
54 61 0.4931
54 73 0.0172
54 83 0.0139
54 87 0.0327
54 90 0.552
54 91 0.3042
54 92 0.0913
54 98 0.244
55 64 0.6062
55 65 0.1851
55 82 0.7034
55 83 0.9738
55 84 0.8584
55 89 0.5707
55 98 0.9147
56 60 0.7917
56 63 0.2611
56 66 0.8473
56 67 0.848
56 69 0.7257
56 70 0.6777
56 79 0.1564
56 82 0.8718
56 85 0.7616
56 86 0.8203
56 90 0.0781
56 92 0.4087
56 98 0.5612
57 58 0.0727
57 64 0.1962
57 68 0.3599
57 69 0.9385
57 71 0.2963
57 79 0.2737
57 80 0.6364
57 82 0.2459
57 85 0.837
57 87 0.9424
58 70 0.2581
58 75 0.4246
58 78 0.9367
58 92 0.1261
58 97 0.0554
59 67 0.0606
59 70 0.9678
59 72 0.0097
59 73 0.67
59 74 0.7758
59 78 0.9722
59 81 0.8158
59 85 0.0547
59 87 0.3212
59 89 0.0873
59 90 0.0755
59 92 0.5877
59 93 0.5494
59 97 0.5502
60 61 0.6309
60 64 0.2882
60 65 0.4114
60 68 0.7624
60 70 0.047
60 73 0.2079
60 75 0.9994
60 79 0.5129
60 89 0.9589
60 93 0.0777
60 94 0.9431
60 99 0.1779
61 70 0.4285
61 72 0.2438
61 74 0.8
61 77 0.9546
61 85 0.5929
61 86 0.1872
61 90 0.743
61 92 0.9746
62 65 0.2552
62 67 0.1905
62 70 0.6615
62 77 0.9446
62 79 0.4033
62 87 0.7163
62 90 0.3065
63 68 0.8268
63 69 0.1499
63 71 0.9401
63 73 0.8084
63 76 0.1965
63 81 0.8439
63 90 0.0783
63 91 0.2472
63 94 0.566
64 70 0.5495
64 88 0.9679
64 90 0.978
65 68 0.6215
65 73 0.8901
65 75 0.0337
65 79 0.215
65 90 0.4749
65 93 0.4488
66 78 0.0541
66 82 0.6624
66 95 0.0207
66 98 0.7368
67 69 0.0836
67 72 0.3753
67 73 0.8928
67 77 0.3772
67 79 0.8883
67 93 0.7344
67 94 0.0122
67 96 0.2987
67 99 0.5349
68 76 0.8786
68 83 0.0657
68 84 0.5538
68 85 0.0197
68 89 0.1202
68 91 0.913
68 92 0.1538
68 97 0.5811
69 70 0.7434
69 76 0.4205
69 79 0.8484
69 80 0.19
69 82 0.7491
69 87 0.8863
69 91 0.1155
69 94 0.5204
70 78 0.2151
70 88 0.6599
70 94 0.3852
71 87 0.1736
71 92 0.2027
71 93 0.6252
71 95 0.2023
71 96 0.7723
71 98 0.1234
72 83 0.8241
72 85 0.2926
72 87 0.6433
72 90 0.3524
72 98 0.5229
73 75 0.2684
73 82 0.3747
73 87 0.5593
73 90 0.9991
73 92 0.8561
73 99 0.5519
74 79 0.9587
74 84 0.118
74 87 0.0369
74 89 0.305
74 90 0.4442
75 77 0.908
75 80 0.1058
75 86 0.1927
75 99 0.1535
76 79 0.5011
76 80 0.3296
76 81 0.3988
76 82 0.6645
76 96 0.5121
76 99 0.9639
77 83 0.3566
77 85 0.0173
77 93 0.9084
77 98 0.4556
78 82 0.3662
78 83 0.0669
78 84 0.7719
78 92 0.4162
78 93 0.598
78 95 0.108
78 97 0.0653
79 80 0.9898
79 82 0.777
79 86 0.1789
79 97 0.6239
80 81 0.3995
80 83 0.4726
81 82 0.1598
81 89 0.7645
81 93 0.2216
81 97 0.5785
82 85 0.4635
82 89 0.4604
82 96 0.5227
83 85 0.7658
83 92 0.4131
84 93 0.5837
85 94 0.511
85 95 0.5732
86 87 0.6276
86 97 0.1487
87 90 0.8035
87 92 0.2302
87 93 0.3316
87 95 0.8988
87 97 0.1356
87 98 0.9884
88 97 0.6769
89 90 0.7544
89 96 0.7466
89 97 0.7919
90 91 0.0871
90 93 0.1753
91 94 0.3551
92 95 0.9338
92 96 0.8052
92 97 0.2594
95 99 0.819
97 98 0.9538