200
396
0 57 500.06
0 64 0.17
0 82 0.01
0 110 0.18
0 139 0.02
0 149 0.15
1 22 0.08
1 61 0.22
1 66 0.05
1 70 0.2
1 114 0.01
1 130 0.17
1 183 0.11
2 95 0.13
2 138 0.24
3 88 0.05
3 144 0.06
3 175 0.21
3 185 0.08
4 10 0
4 33 0.23
4 120 0.03
4 126 0.18
4 151 0.23
4 166 0.2
4 175 0.07
4 183 0
4 189 0.24
5 45 0.07
6 19 0.21
6 23 0.06
6 71 0.01
6 83 0.2
6 100 0.15
6 107 0.15
6 128 0.02
6 133 0.05
6 149 0.08
6 185 0.15
7 16 0.23
7 76 0.24
7 78 0.17
7 92 0.11
7 93 0.18
7 121 0.11
7 196 0.19
8 40 0.13
8 43 0.04
8 72 0.19
8 164 0.07
9 77 0.15
9 88 0.1
9 112 0.16
10 114 0.16
10 167 0.08
11 13 0.16
11 39 0.09
11 66 0.05
11 170 0.16
11 171 0.18
11 188 0.18
12 42 0.22
12 198 0.11
13 174 0.09
14 74 0.14
15 16 0.01
15 69 0
15 113 0.1
15 175 0.17
15 182 0.12
16 33 0.19
16 80 0.09
16 160 0.15
16 190 0.07
17 106 0.05
17 142 0.14
17 143 0.2
17 145 0.24
17 166 0.03
18 19 0.04
18 20 0
18 34 0.21
18 186 0.14
19 49 0.02
19 144 0.2
20 85 0.09
20 163 0.07
21 124 0.13
21 189 0.03
21 197 0.08
22 36 0.1
22 37 0.06
22 47 0.13
22 59 0.03
22 62 0.04
22 112 0.04
22 146 0.01
23 30 0.08
23 37 0.15
23 56 0.23
23 146 0.22
24 171 0.05
25 70 0.18
25 81 0.07
25 199 0.24
26 52 0.21
26 120 0.03
26 136 0.01
27 50 0.08
27 116 0.23
27 191 0.23
28 137 0.05
29 75 0.12
29 123 0.21
31 67 0.14
31 95 0.2
31 130 0.16
31 164 0.24
32 57 0.19
32 68 0.11
32 187 0.15
32 195 0.05
33 68 0.04
33 102 0.08
33 124 0.21
34 67 0.15
34 72 0.04
34 158 0.24
35 40 0.21
35 41 0.09
35 50 0.08
35 122 0.23
35 175 0.13
36 40 0.21
36 71 0.21
36 127 0.11
36 154 0.16
37 38 0.21
37 52 0.24
37 116 0.12
37 193 0.07
38 52 0.13
38 79 0.23
38 102 0.12
38 188 0.05
39 150 0.1
39 157 0.16
39 171 0.1
40 49 0.12
40 157 0.05
40 193 0.21
41 79 0.24
41 130 0.18
41 136 0.07
41 177 0.03
42 69 0.12
42 83 0.04
42 116 0.2
42 186 0.07
43 58 0.15
43 64 0.17
43 135 0.1
43 170 0.17
44 63 0.2
44 133 0.01
44 159 0.1
45 59 0.08
45 110 0.08
45 151 0.07
45 188 0.18
45 199 0.16
46 154 0.12
47 174 0.22
47 177 0.23
48 195 0.15
49 55 0.2
49 130 0.18
49 165 0.22
49 168 0.16
50 85 0.02
50 128 0.02
50 169 0.05
50 194 0.24
51 57 0.22
51 93 0.03
51 181 0.24
51 193 0.13
52 123 0.08
52 172 0.2
52 190 0.08
53 138 0.2
54 165 0.08
55 107 0.18
56 65 0.08
56 79 0.09
56 183 0.14
57 167 0.07
58 68 0.16
58 121 0.13
58 131 0.2
60 75 0.23
61 72 0.18
61 78 0.09
61 160 0.15
62 113 0.17
62 135 0.18
62 172 0.03
63 81 0.02
63 158 0.24
64 83 0.23
64 105 0.03
64 142 0.13
64 160 0.22
65 68 0.08
65 140 0.2
65 198 0.23
66 89 0.24
66 97 0.08
66 176 0.15
67 133 0.22
68 195 0.08
69 78 0.2
69 99 0
71 72 0
71 111 0.16
71 120 0.1
72 74 0.18
72 93 0.14
72 154 0.01
73 74 0.04
73 140 0.13
73 161 0.21
74 158 0.1
74 190 0.09
75 192 0.03
76 155 0.24
76 180 0.17
77 158 0.15
77 161 0
79 99 0.22
79 147 0.16
80 127 0.21
80 153 0.15
80 172 0.19
81 199 0.04
82 128 0.18
82 188 0.15
83 102 0.21
83 103 0.13
83 116 0.14
83 144 0.11
83 175 0.24
84 100 0.11
84 141 0.21
84 167 0.08
84 194 0.05
85 149 0.02
85 159 0.18
86 88 0.23
87 89 0.14
87 99 0.13
87 196 0
88 115 0.18
88 121 0.16
88 132 0.12
88 195 0.01
89 90 0.09
89 107 0.05
89 130 0.02
89 148 0
89 198 0.14
90 112 0.18
90 167 0.09
91 100 0.23
91 180 0.23
91 185 0.14
92 196 0.16
94 144 0.15
94 185 0.19
95 132 0.13
95 154 0.04
96 114 0.12
96 183 0.11
97 121 0.21
97 156 0.06
98 116 0.19
98 140 0.13
98 157 0.23
99 104 0.14
99 127 0.09
99 140 0.21
99 160 0.01
101 193 0.21
102 136 0.19
102 145 0.08
103 174 0.2
103 188 0.23
103 194 0.07
104 128 0.11
104 131 0.2
104 187 0.18
105 125 0.15
105 139 0.14
105 150 0.08
105 156 0.06
105 195 0.09
106 188 0.05
107 151 0.12
108 115 0.22
108 148 0.06
108 161 0.21
109 121 0.15
109 192 0.2
109 199 0.12
110 176 0.23
110 192 0.12
111 139 0.15
112 137 0.11
112 139 0.02
112 140 0.16
112 145 0.04
112 184 0.04
112 192 0.09
113 140 0.19
113 160 0.12
114 154 0.24
115 186 0.03
116 154 0.16
116 159 0.22
117 134 0.18
117 173 0.04
118 123 0.11
118 147 0.05
118 195 0.03
119 120 0.08
119 181 0.17
120 140 0.06
120 180 0.21
121 173 0.06
123 126 0.11
123 151 0.17
123 153 0.03
123 182 0.22
123 193 0.13
125 199 0.18
126 170 0.04
128 140 0.18
128 182 0.08
129 137 0.01
130 175 0.03
131 150 0.09
131 173 0.19
131 188 0.14
131 197 0.16
132 183 0.03
136 158 0.23
139 142 0.17
139 197 0.05
140 179 0.24
141 151 0.08
141 152 0.03
141 165 0.04
141 167 0.18
141 181 0.08
142 168 0.03
142 198 0.01
143 151 0.23
143 155 0.07
143 193 0.22
143 194 0
144 178 0.22
145 192 0.1
145 193 0.16
146 163 0.02
147 153 0.01
148 194 0.23
149 152 0.11
149 165 0.01
149 181 0.08
151 180 0.02
152 176 0.23
152 198 0.2
155 191 0.23
161 181 0.03
162 166 0.18
164 181 0
165 167 0.24
165 186 0.01
168 173 0.16
173 188 0.18
174 199 0.13
176 181 0.09
176 194 0.04
181 184 0.11
182 193 0.1
187 188 0.02