9
36
0 1 3
0 2 8.94427191
0 3 8.54400374532
0 4 8.63133825082
0 5 6.32455532034
0 6 4.472135955
0 7 12.04159457879
0 8 9.05538513814
1 2 8.0622577483
1 3 5.83095189485
1 4 8.63133825082
1 5 6.0827625303
1 6 6.40312423743
1 7 10.29563014099
1 8 6.0827625303
2 3 6.40312423743
2 4 2.5495097568
2 5 2.82842712475
2 6 7.21110255093
2 7 4.12310562562
2 8 10.29563014099
3 4 8.51469318296
3 5 6.7082039325
3 6 10.04987562112
3 7 6
3 8 4.472135955
4 5 2.5495097568
4 6 5.7008771255
4 7 6.5192024052
4 8 12.10371843691
5 6 4.472135955
5 7 6.7082039325
5 8 9.89949493661
6 7 11.1803398875
6 8 12.08304597359
7 8 10.04987562112